0 0
1 0
2 .010
3 .020
4 .040
5 .060
6 .060
7 .060
8 .070
9 .070
10 .070
11 .070
12 .070
13 .080
14 .080
15 .080
16 .080
17 .080
18 .080
19 .080
20 .080
21 .080
22 .080
23 .080
24 .080
25 .080
26 .110
27 .110
28 .110
29 .110
30 .110
31 .120
32 .120
33 .120
34 .130
35 .140
36 .140
37 .140
38 .140
39 .140
40 .140
41 .140
42 .150
43 .150
44 .160
45 .180
46 .180
47 .190
48 .200
49 .210
50 .210
51 .210
52 .210
53 .210
54 .210
55 .220
56 .240
57 .260
58 .280
59 .290
60 .330
61 .330
62 .330
63 .330
64 .330
65 .340
66 .350
67 .350
68 .350
69 .350
70 .350
71 .350
72 .350
73 .360
74 .360
75 .370
76 .370
77 .370
78 .390
79 .410
80 .420
81 .440
82 .440
83 .440
84 .450
85 .460
86 .490
87 .500
88 .500
89 .500
90 .500
91 .540
92 .540
93 .540
94 .550
95 .560
96 .560
97 .560
98 .560
99 .590
100 .600
101 .600
102 .610
103 .610
104 .610
105 .610
106 .610
107 .620
108 .620
109 .620
110 .620
111 .620
112 .620
113 .630
114 .640
115 .640
116 .640
117 .640
118 .640
119 .640
120 .640
121 .640
122 .640
123 .650
124 .650
125 .650
126 .650
127 .650
128 .650
129 .650
130 .650
131 .650
132 .650
133 .650
134 .650
135 .650
136 .650
137 .650
138 .650
139 .650
140 .650
141 .650
142 .650
143 .650
144 .650
145 .650
146 .660
147 .660
148 .660
149 .670
150 .680
151 .680
152 .680
153 .680
154 .680
155 .680
156 .680
157 .680
158 .680
159 .680
160 .690
161 .690
162 .690
163 .690
164 .690
165 .690
166 .690
167 .690
168 .690
169 .690
170 .690
171 .700
172 .710
173 .710
174 .710
175 .710
176 .710
177 .710
178 .710
179 .710
180 .710
181 .710
182 .710
183 .710
184 .710
185 .710
186 .710
187 .710
188 .710
189 .730
190 .730
191 .730
192 .730
193 .730
194 .730
195 .730
196 .730
197 .730
198 .730
199 .740
200 .740
201 .740
202 .740
203 .750
204 .750
205 .750
206 .760
207 .760
208 .760
209 .760
210 .760
211 .770
212 .770
213 .780
214 .780
215 .780
216 .780
217 .780
218 .780
219 .780
220 .780
221 .780
222 .780
223 .780
224 .780
225 .780
226 .780
227 .780
228 .780
229 .780
230 .780
231 .780
232 .780
233 .780
234 .780
235 .780
236 .780
237 .780
238 .780
239 .780
240 .790
241 .790
242 .790
243 .800
244 .810
245 .810
246 .810
247 .810
248 .810
249 .810
250 .810
251 .810
252 .810
253 .810
254 .810
255 .810
256 .810
257 .810
258 .810
259 .810
260 .810
261 .810
262 .810
263 .810
264 .810
265 .810
266 .810
267 .810
268 .810
269 .810
270 .810
271 .820
272 .820
273 .820
274 .820
275 .820
276 .820
277 .820
278 .820
279 .820
280 .820
281 .820
282 .820
283 .820
284 .820
285 .820
286 .820
287 .820
288 .820
289 .820
290 .820
291 .820
292 .830
293 .830
294 .830
295 .840
296 .840
297 .840
298 .840
299 .840
300 .840
301 .840
302 .840
303 .840
304 .840
305 .840
306 .840
307 .840
308 .840
309 .850
310 .850
311 .850
312 .850
313 .850
314 .850
315 .850
316 .850
317 .850
318 .850
319 .860
320 .860
321 .860
322 .860
323 .860
324 .860
325 .860
326 .860
327 .860
328 .860
329 .860
330 .860
331 .860
332 .870
333 .870
334 .870
335 .870
336 .870
337 .870
338 .870
339 .870
340 .870
341 .870
342 .870
343 .870
344 .870
345 .870
346 .870
347 .870
348 .870
349 .870
350 .870
351 .870
352 .870
353 .870
354 .870
355 .870
356 .870
357 .870
358 .870
359 .870
360 .870
361 .870
362 .870
363 .870
364 .870
365 .870
366 .870
367 .870
368 .870
369 .870
370 .870
371 .870
372 .870
373 .870
374 .870
375 .870
376 .880
377 .880
378 .880
379 .880
380 .880
381 .880
382 .880
383 .880
384 .880
385 .880
386 .890
387 .890
388 .890
389 .890
390 .890
391 .890
392 .890
393 .890
394 .900
395 .900
396 .900
397 .900
398 .900
399 .900
400 .900
401 .900
402 .900
403 .900
404 .900
405 .900
406 .900
407 .900
408 .900
409 .900
410 .900
411 .900
412 .900
413 .900
414 .900
415 .900
416 .900
417 .900
418 .900
419 .900
420 .900
421 .900
422 .900
423 .900
424 .900
425 .900
426 .900
427 .900
428 .900
429 .910
430 .910
431 .910
432 .910
433 .910
434 .910
435 .910
436 .910
437 .920
438 .920
439 .920
440 .920
441 .920
442 .920
443 .920
444 .920
445 .920
446 .920
447 .920
448 .920
449 .920
450 .920
451 .920
452 .920
453 .920
454 .920
455 .920
456 .920
457 .920
458 .920
459 .920
460 .920
461 .920
462 .920
463 .920
464 .920
465 .920
466 .920
467 .920
468 .920
469 .920
470 .920
471 .920
472 .920
473 .920
474 .920
475 .920
476 .920
477 .920
478 .920
479 .920
480 .920
481 .920
482 .920
483 .920
484 .920
485 .920
486 .920
487 .920
488 .920
489 .920
490 .920
491 .920
492 .920
493 .930
494 .930
495 .930
496 .930
497 .930
498 .930
499 .930
500 .930
501 .940
502 .940
503 .940
504 .940
505 .940
506 .940
507 .940
508 .940
509 .940
510 .940
511 .940
512 .940
513 .940
514 .940
515 .940
516 .940
517 .940
518 .940
519 .940
520 .940
521 .940
522 .940
523 .940
524 .940
525 .940
526 .940
527 .940
528 .940
529 .940
530 .940
531 .940
532 .940
533 .940
534 .940
535 .940
536 .940
537 .940
538 .940
539 .940
540 .940
541 .940
542 .940
543 .940
544 .940
545 .940
546 .940
547 .940
548 .940
549 .940
550 .940
551 .940
552 .940
553 .940
554 .940
555 .940
556 .940
557 .940
558 .940
559 .940
560 .940
561 .940
562 .940
563 .940
564 .940
565 .940
566 .940
567 .950
568 .950
569 .950
570 .950
571 .950
572 .950
573 .950
574 .950
575 .950
576 .950
577 .950
578 .950
579 .950
580 .950
581 .950
582 .950
583 .950
584 .950
585 .950
586 .950
587 .950
588 .950
589 .950
590 .950
591 .950
592 .950
593 .950
594 .950
595 .950
596 .950
597 .950
598 .950
599 .950
600 .950
601 .950
602 .950
603 .950
604 .960
605 .960
606 .960
607 .960
608 .960
609 .960
610 .960
611 .960
612 .960
613 .960
614 .980
615 .980
616 .980
617 .980
618 .980
619 .980
620 .980
621 .980
622 .980
623 .980
624 .980
625 .980
626 .980
627 .980
628 .980
629 .980
630 .980
631 .980
632 .980
633 .980
634 .980
635 .980
636 .980
637 .980
638 .980
639 .980
640 .980
641 .980
642 .980
643 .980
644 .980
645 .980
646 .980
647 .980
648 .980
649 .980
650 .980
651 .980
652 .980
653 .980
654 .980
655 .980
656 .980
657 .980
658 .980
659 .980
660 .990
661 .990
662 .990
663 .990
664 .990
665 .990
666 .990
667 .990
668 .990
669 .990
670 .990
671 .990
672 .990
673 .990
674 .990
675 .990
676 .990
677 .990
678 .990
679 .990
680 .990
681 .990
682 .990
683 .990
684 .990
685 .990
686 .990
687 .990
688 .990
689 .990
690 .990
691 .990
692 .990
693 .990
694 .990
695 .990
696 .990
697 .990
698 .990
699 .990
700 .990
701 .990
702 .990
703 .990
704 .990
705 .990
706 .990
707 .990
708 .990
709 .990
710 .990
711 .990
712 .990
713 .990
714 .990
715 .990
716 .990
717 .990
718 .990
719 .990
720 .990
721 .990
722 .990
723 .990
724 .990
725 .990
726 1.000
727 1.000
728 1.000
729 1.000
730 1.000
731 1.000
732 1.000
733 1.000
734 1.000
735 1.000
736 1.000
737 1.000
738 1.000
739 1.000
740 1.000
741 1.000
742 1.000
743 1.000
744 1.000
745 1.000
746 1.000
747 1.000
748 1.000
749 1.000
750 1.000
751 1.000
752 1.000
753 1.000
754 1.000
755 1.000
756 1.000
757 1.000
758 1.000
759 1.000
760 1.000
761 1.000
762 1.000
763 1.000
764 1.000
765 1.000
766 1.000
767 1.000
768 1.000
769 1.000
770 1.000
771 1.000
772 1.000
773 1.000
774 1.000
775 1.000
776 1.000
777 1.000
778 1.000
779 1.000
780 1.000
781 1.000
782 1.000
783 1.000
784 1.000
785 1.000
786 1.000
787 1.000
788 1.000
789 1.000
790 1.000
791 1.000
792 1.000
793 1.000
794 1.000
795 1.000
796 1.000
797 1.000
798 1.000
799 1.000
800 1.000
801 1.000
802 1.000
803 1.000
804 1.000
805 1.000
806 1.000
807 1.000
808 1.000
809 1.000
810 1.000
811 1.000
812 1.000
813 1.000
814 1.000
815 1.000
816 1.000
817 1.000
818 1.000
819 1.000
820 1.000
821 1.000
822 1.000
823 1.000
824 1.000
825 1.000
826 1.000
827 1.000
828 1.000
829 1.000
830 1.000
831 1.000
832 1.000
833 1.000
834 1.000
835 1.000
836 1.000
837 1.000
838 1.000
839 1.000
840 1.000
841 1.000
842 1.000
843 1.000
844 1.000
845 1.000
846 1.000
847 1.000
848 1.000
849 1.000
850 1.000
851 1.000
852 1.000
853 1.000
854 1.000
855 1.000
856 1.000
857 1.000
858 1.000
859 1.000
860 1.000
861 1.000
862 1.000
863 1.000
864 1.000
865 1.000
866 1.000
867 1.000
868 1.000
869 1.000
870 1.000
871 1.000
872 1.000
873 1.000
874 1.000
875 1.000
876 1.000
877 1.000
878 1.000
879 1.000
880 1.000
881 1.000
882 1.000
883 1.000
884 1.000
885 1.000
886 1.000
887 1.000
888 1.000
889 1.000
890 1.000
891 1.000
892 1.000
893 1.000
894 1.000
895 1.000
896 1.000
897 1.000
898 1.000
899 1.000
900 1.000
901 1.000
902 1.000
903 1.000
904 1.000
905 1.000
906 1.000
907 1.000
908 1.000
909 1.000
910 1.000
911 1.000
912 1.000
913 1.000
914 1.000
915 1.000
916 1.000
917 1.000
918 1.000
919 1.000
920 1.000
921 1.000
922 1.000
923 1.000
924 1.000
925 1.000
926 1.000
927 1.000
928 1.000
929 1.000
930 1.000
931 1.000
932 1.000
933 1.000
934 1.000
935 1.000
936 1.000
937 1.000
938 1.000
939 1.000
940 1.000
941 1.000
942 1.000
943 1.000
944 1.000
945 1.000
946 1.000
947 1.000
948 1.000
949 1.000
950 1.000
951 1.000
952 1.000
953 1.000
954 1.000
955 1.000
956 1.000
957 1.000
958 1.000
959 1.000
960 1.000
961 1.000
962 1.000
963 1.000
964 1.000
965 1.000
966 1.000
967 1.000
968 1.000
969 1.000
970 1.000
971 1.000
972 1.000
973 1.000
974 1.000
975 1.000
976 1.000
977 1.000
978 1.000
979 1.000
980 1.000
981 1.000
982 1.000
983 1.000
984 1.000
985 1.000
986 1.000
987 1.000
988 1.000
989 1.000
990 1.000
991 1.000
992 1.000
993 1.000
994 1.000
995 1.000
996 1.000
997 1.000
998 1.000
999 1.000
1000 1.000
1001 1.000
1002 1.000
1003 1.000
1004 1.000
1005 1.000
1006 1.000
1007 1.000
1008 1.000
1009 1.000
1010 1.000
1011 1.000
1012 1.000
1013 1.000
1014 1.000
1015 1.000
1016 1.000
1017 1.000
1018 1.000
1019 1.000
1020 1.000
1021 1.000
1022 1.000
1023 1.000
1024 1.000
1025 1.000
1026 1.000
1027 1.000
1028 1.000
1029 1.000
1030 1.000
1031 1.000
1032 1.000
1033 1.000
1034 1.000
1035 1.000
1036 1.000
1037 1.000
1038 1.000
1039 1.000
1040 1.000
1041 1.000
1042 1.000
1043 1.000
1044 1.000
1045 1.000
1046 1.000
1047 1.000
1048 1.000
1049 1.000
1050 1.000
1051 1.000
1052 1.000
1053 1.000
1054 1.000
1055 1.000
1056 1.000
1057 1.000
1058 1.000
1059 1.000
1060 1.000
1061 1.000
1062 1.000
1063 1.000
1064 1.000
1065 1.000
1066 1.000
1067 1.000
1068 1.000
1069 1.000
1070 1.000
1071 1.000
1072 1.000
1073 1.000
1074 1.000
1075 1.000
1076 1.000
1077 1.000
1078 1.000
1079 1.000
1080 1.000
1081 1.000
1082 1.000
1083 1.000
1084 1.000
1085 1.000
1086 1.000
1087 1.000
1088 1.000
1089 1.000
1090 1.000
1091 1.000
1092 1.000
1093 1.000
1094 1.000
1095 1.000
1096 1.000
1097 1.000
1098 1.000
1099 1.000
1100 1.000
1101 1.000
1102 1.000
1103 1.000
1104 1.000
1105 1.000
1106 1.000
1107 1.000
1108 1.000
1109 1.000
1110 1.000
1111 1.000
1112 1.000
1113 1.000
1114 1.000
1115 1.000
1116 1.000
1117 1.000
1118 1.000
1119 1.000
1120 1.000
1121 1.000
1122 1.000
1123 1.000
1124 1.000
1125 1.000
1126 1.000
1127 1.000
1128 1.000
1129 1.000
1130 1.000
1131 1.000
1132 1.000
1133 1.000
1134 1.000
1135 1.000
1136 1.000
1137 1.000
1138 1.000
1139 1.000
1140 1.000
1141 1.000
1142 1.000
1143 1.000
1144 1.000
1145 1.000
1146 1.000
1147 1.000
1148 1.000
1149 1.000
1150 1.000
1151 1.000
1152 1.000
1153 1.000
1154 1.000
1155 1.000
1156 1.000
1157 1.000
1158 1.000
1159 1.000
1160 1.000
1161 1.000
1162 1.000
1163 1.000
1164 1.000
1165 1.000
1166 1.000
1167 1.000
1168 1.000
1169 1.000
1170 1.000
1171 1.000
1172 1.000
1173 1.000
1174 1.000
1175 1.000
1176 1.000
1177 1.000
1178 1.000
1179 1.000
1180 1.000
1181 1.000
1182 1.000
1183 1.000
1184 1.000
1185 1.000
1186 1.000
1187 1.000
1188 1.000
1189 1.000
1190 1.000
1191 1.000
1192 1.000
1193 1.000
1194 1.000
1195 1.000
1196 1.000
1197 1.000
1198 1.000
1199 1.000
1200 1.000
1201 1.000
1202 1.000
1203 1.000
1204 1.000
1205 1.000
1206 1.000
1207 1.000
1208 1.000
1209 1.000
1210 1.000
1211 1.000
1212 1.000
1213 1.000
1214 1.000
1215 1.000
1216 1.000
1217 1.000
1218 1.000
1219 1.000
1220 1.000
1221 1.000
1222 1.000
1223 1.000
1224 1.000
1225 1.000
1226 1.000
1227 1.000
1228 1.000
1229 1.000
1230 1.000
1231 1.000
1232 1.000
1233 1.000
1234 1.000
1235 1.000
1236 1.000
1237 1.000
1238 1.000
1239 1.000
1240 1.000
1241 1.000
1242 1.000
1243 1.000
1244 1.000
1245 1.000
1246 1.000
1247 1.000
1248 1.000
1249 1.000
1250 1.000
1251 1.000
1252 1.000
1253 1.000
1254 1.000
1255 1.000
1256 1.000
1257 1.000
1258 1.000
1259 1.000
1260 1.000
1261 1.000
1262 1.000
1263 1.000
1264 1.000
1265 1.000
1266 1.000
1267 1.000
1268 1.000
1269 1.000
1270 1.000
1271 1.000
1272 1.000
1273 1.000
1274 1.000
1275 1.000
1276 1.000
1277 1.000
1278 1.000
1279 1.000
1280 1.000
1281 1.000
1282 1.000
1283 1.000
1284 1.000
1285 1.000
1286 1.000
1287 1.000
1288 1.000
1289 1.000
1290 1.000
1291 1.000
1292 1.000
1293 1.000
1294 1.000
1295 1.000
1296 1.000
1297 1.000
1298 1.000
1299 1.000
1300 1.000
1301 1.000
1302 1.000
1303 1.000
1304 1.000
1305 1.000
1306 1.000
1307 1.000
1308 1.000
1309 1.000
1310 1.000
1311 1.000
1312 1.000
1313 1.000
1314 1.000
1315 1.000
1316 1.000
1317 1.000
1318 1.000
1319 1.000
1320 1.000
1321 1.000
1322 1.000
1323 1.000
1324 1.000
1325 1.000
1326 1.000
1327 1.000
1328 1.000
1329 1.000
1330 1.000
1331 1.000
1332 1.000
1333 1.000
1334 1.000
1335 1.000
1336 1.000
1337 1.000
1338 1.000
1339 1.000
1340 1.000
1341 1.000
1342 1.000
1343 1.000
1344 1.000
1345 1.000
1346 1.000
1347 1.000
1348 1.000
1349 1.000
1350 1.000
1351 1.000
1352 1.000
1353 1.000
1354 1.000
1355 1.000
1356 1.000
1357 1.000
1358 1.000
1359 1.000
1360 1.000
1361 1.000
1362 1.000
1363 1.000
1364 1.000
1365 1.000
1366 1.000
1367 1.000
1368 1.000
1369 1.000
1370 1.000
1371 1.000
1372 1.000
1373 1.000
1374 1.000
1375 1.000
1376 1.000
1377 1.000
1378 1.000
1379 1.000
1380 1.000
1381 1.000
1382 1.000
1383 1.000
1384 1.000
1385 1.000
1386 1.000
1387 1.000
1388 1.000
1389 1.000
1390 1.000
1391 1.000
1392 1.000
1393 1.000
1394 1.000
1395 1.000
1396 1.000
1397 1.000
1398 1.000
1399 1.000
1400 1.000
1401 1.000
1402 1.000
1403 1.000
1404 1.000
1405 1.000
1406 1.000
1407 1.000
1408 1.000
1409 1.000
1410 1.000
1411 1.000
1412 1.000
1413 1.000
1414 1.000
1415 1.000
1416 1.000
1417 1.000
1418 1.000
1419 1.000
1420 1.000
1421 1.000
1422 1.000
1423 1.000
1424 1.000
1425 1.000
1426 1.000
1427 1.000
1428 1.000
1429 1.000
1430 1.000
1431 1.000
1432 1.000
1433 1.000
1434 1.000
1435 1.000
1436 1.000
1437 1.000
1438 1.000
1439 1.000
1440 1.000
1441 1.000
1442 1.000
1443 1.000
1444 1.000
1445 1.000
1446 1.000
1447 1.000
1448 1.000
1449 1.000
1450 1.000
1451 1.000
1452 1.000
1453 1.000
1454 1.000
1455 1.000
1456 1.000
1457 1.000
1458 1.000
1459 1.000
1460 1.000
1461 1.000
1462 1.000
1463 1.000
1464 1.000
1465 1.000
1466 1.000
1467 1.000
1468 1.000
1469 1.000
1470 1.000
1471 1.000
1472 1.000
1473 1.000
1474 1.000
1475 1.000
1476 1.000
1477 1.000
1478 1.000
1479 1.000
1480 1.000
1481 1.000
1482 1.000
1483 1.000
1484 1.000
1485 1.000
1486 1.000
1487 1.000
1488 1.000
1489 1.000
1490 1.000
1491 1.000
1492 1.000
1493 1.000
1494 1.000
1495 1.000
1496 1.000
1497 1.000
1498 1.000
1499 1.000
1500 1.000
1501 1.000
1502 1.000
1503 1.000
1504 1.000
1505 1.000
1506 1.000
1507 1.000
1508 1.000
1509 1.000
1510 1.000
1511 1.000
1512 1.000
1513 1.000
1514 1.000
1515 1.000
1516 1.000
1517 1.000
1518 1.000
1519 1.000
1520 1.000
1521 1.000
1522 1.000
1523 1.000
1524 1.000
1525 1.000
1526 1.000
1527 1.000
1528 1.000
1529 1.000
1530 1.000
1531 1.000
1532 1.000
1533 1.000
1534 1.000
1535 1.000
1536 1.000
1537 1.000
1538 1.000
1539 1.000
1540 1.000
1541 1.000
1542 1.000
1543 1.000
1544 1.000
1545 1.000
1546 1.000
1547 1.000
1548 1.000
1549 1.000
1550 1.000
1551 1.000
1552 1.000
1553 1.000
1554 1.000
1555 1.000
1556 1.000
1557 1.000
1558 1.000
1559 1.000
1560 1.000
1561 1.000
1562 1.000
1563 1.000
1564 1.000
1565 1.000
1566 1.000
1567 1.000
1568 1.000
1569 1.000
1570 1.000
1571 1.000
1572 1.000
1573 1.000
1574 1.000
1575 1.000
1576 1.000
1577 1.000
1578 1.000
1579 1.000
1580 1.000
1581 1.000
1582 1.000
1583 1.000
1584 1.000
1585 1.000
1586 1.000
1587 1.000
1588 1.000
1589 1.000
1590 1.000
1591 1.000
1592 1.000
1593 1.000
1594 1.000
1595 1.000
1596 1.000
1597 1.000
1598 1.000
1599 1.000
1600 1.000
1601 1.000
1602 1.000
1603 1.000
1604 1.000
1605 1.000
1606 1.000
1607 1.000
1608 1.000
1609 1.000
1610 1.000
1611 1.000
1612 1.000
1613 1.000
1614 1.000
1615 1.000
1616 1.000
1617 1.000
1618 1.000
1619 1.000
1620 1.000
1621 1.000
1622 1.000
1623 1.000
1624 1.000
1625 1.000
1626 1.000
1627 1.000
1628 1.000
1629 1.000
1630 1.000
1631 1.000
1632 1.000
1633 1.000
1634 1.000
1635 1.000
1636 1.000
1637 1.000
1638 1.000
1639 1.000
1640 1.000
1641 1.000
1642 1.000
1643 1.000
1644 1.000
1645 1.000
1646 1.000
1647 1.000
1648 1.000
1649 1.000
1650 1.000
1651 1.000
1652 1.000
1653 1.000
1654 1.000
1655 1.000
1656 1.000
1657 1.000
1658 1.000
1659 1.000
1660 1.000
1661 1.000
1662 1.000
1663 1.000
1664 1.000
1665 1.000
1666 1.000
1667 1.000
1668 1.000
1669 1.000
1670 1.000
1671 1.000
1672 1.000
1673 1.000
1674 1.000
1675 1.000
1676 1.000
1677 1.000
1678 1.000
1679 1.000
1680 1.000
1681 1.000
1682 1.000
1683 1.000
1684 1.000
1685 1.000
1686 1.000
1687 1.000
1688 1.000
1689 1.000
1690 1.000
1691 1.000
1692 1.000
1693 1.000
1694 1.000
1695 1.000
1696 1.000
1697 1.000
1698 1.000
1699 1.000
1700 1.000
1701 1.000
1702 1.000
1703 1.000
1704 1.000
1705 1.000
1706 1.000
1707 1.000
1708 1.000
1709 1.000
1710 1.000
1711 1.000
1712 1.000
1713 1.000
1714 1.000
1715 1.000
1716 1.000
1717 1.000
1718 1.000
1719 1.000
1720 1.000
1721 1.000
1722 1.000
1723 1.000
1724 1.000
1725 1.000
1726 1.000
1727 1.000
1728 1.000
1729 1.000
1730 1.000
1731 1.000
1732 1.000
1733 1.000
1734 1.000
1735 1.000
1736 1.000
1737 1.000
1738 1.000
1739 1.000
1740 1.000
1741 1.000
1742 1.000
1743 1.000
1744 1.000
1745 1.000
1746 1.000
1747 1.000
1748 1.000
1749 1.000
1750 1.000
1751 1.000
1752 1.000
1753 1.000
1754 1.000
1755 1.000
1756 1.000
1757 1.000
1758 1.000
1759 1.000
1760 1.000
1761 1.000
1762 1.000
1763 1.000
1764 1.000
1765 1.000
1766 1.000
1767 1.000
1768 1.000
1769 1.000
1770 1.000
1771 1.000
1772 1.000
1773 1.000
1774 1.000
1775 1.000
1776 1.000
1777 1.000
1778 1.000
1779 1.000
1780 1.000
1781 1.000
1782 1.000
1783 1.000
1784 1.000
1785 1.000
1786 1.000
1787 1.000
1788 1.000
1789 1.000
1790 1.000
1791 1.000
1792 1.000
1793 1.000
1794 1.000
1795 1.000
1796 1.000
1797 1.000
1798 1.000
1799 1.000
