1 0.014285714285714285 0.014285714285714285
2 0.02857142857142857 0.014285714285714285
3 0.04285714285714286 0.014285714285714287
4 0.05714285714285714 0.014285714285714284
5 0.06938775510204082 0.012244897959183675
6 0.0816326530612245 0.012244897959183682
7 0.09387755102040816 0.012244897959183668
8 0.10612244897959183 0.012244897959183668
9 0.11683673469387755 0.010714285714285718
10 0.12755102040816327 0.010714285714285718
11 0.13826530612244897 0.010714285714285704
12 0.14897959183673468 0.010714285714285704
13 0.15969387755102038 0.010714285714285704
14 0.17040816326530608 0.010714285714285704
15 0.1811224489795918 0.010714285714285704
16 0.1918367346938775 0.010714285714285704
17 0.20233236151603493 0.010495626822157433
18 0.21282798833819236 0.010495626822157433
19 0.2233236151603498 0.010495626822157433
20 0.23381924198250723 0.010495626822157433
21 0.24300291545189498 0.009183673469387754
22 0.2521865889212827 0.009183673469387726
23 0.26137026239067046 0.009183673469387754
24 0.2705539358600582 0.009183673469387754
25 0.27973760932944597 0.009183673469387754
26 0.2889212827988337 0.009183673469387754
27 0.2981049562682215 0.009183673469387754
28 0.30728862973760923 0.009183673469387754
29 0.3162848812994585 0.008996251561849244
30 0.3252811328613077 0.008996251561849244
31 0.33427738442315696 0.008996251561849244
32 0.3432736359850062 0.008996251561849244
33 0.3511453561016243 0.007871720116618075
34 0.35901707621824236 0.007871720116618075
35 0.36688879633486043 0.007871720116618075
36 0.3747605164514785 0.007871720116618075
37 0.3826322365680966 0.007871720116618075
38 0.39050395668471466 0.007871720116618075
39 0.39837567680133273 0.007871720116618075
40 0.4062473969179508 0.007871720116618075
41 0.41395846968525013 0.007711072767299321
42 0.42166954245254945 0.007711072767299321
43 0.42938061521984877 0.007711072767299321
44 0.4370916879871481 0.007711072767299321
45 0.443838876658535 0.006747188671386906
46 0.4505860653299219 0.006747188671386906
47 0.4573332540013088 0.006747188671386906
48 0.4640804426726957 0.006747188671386906
49 0.4708276313440826 0.006747188671386906
50 0.4775748200154695 0.006747188671386906
51 0.48432200868685643 0.006747188671386906
52 0.49106919735824334 0.006747188671386906
53 0.49767868830164275 0.00660949094339941
54 0.5042881792450422 0.006609490943399465
55 0.5108976701884417 0.006609490943399465
56 0.5175071611318411 0.006609490943399465
57 0.5232904657073156 0.0057833045754744905
58 0.5290737702827901 0.0057833045754744905
59 0.5348570748582646 0.0057833045754744905
60 0.5406403794337391 0.0057833045754744905
61 0.5464236840092136 0.0057833045754744905
62 0.5522069885846881 0.0057833045754744905
63 0.5579902931601626 0.0057833045754744905
64 0.5637735977356371 0.0057833045754744905
65 0.5694388756871223 0.0056652779514851925
66 0.5751041536386075 0.0056652779514851925
67 0.5807694315900926 0.0056652779514851925
68 0.5864347095415778 0.0056652779514851925
69 0.5913918277491275 0.004957118207549627
70 0.5963489459566771 0.004957118207549627
71 0.6013060641642267 0.004957118207549627
72 0.6062631823717763 0.004957118207549627
73 0.611220300579326 0.004957118207549627
74 0.6161774187868756 0.004957118207549627
75 0.6211345369944252 0.004957118207549627
76 0.6260916552019749 0.004957118207549627
77 0.6309476077318193 0.004855952529844498
78 0.6358035602616638 0.004855952529844498
79 0.6406595127915083 0.004855952529844498
80 0.6455154653213528 0.004855952529844498
81 0.6497644237849668 0.00424895846361395
82 0.6540133822485807 0.00424895846361395
83 0.6582623407121947 0.00424895846361395
84 0.6625112991758086 0.00424895846361395
85 0.6667602576394226 0.00424895846361395
86 0.6710092161030365 0.00424895846361395
87 0.6752581745666505 0.00424895846361395
88 0.6795071330302644 0.00424895846361395
89 0.6836693780558454 0.004162245025580935
90 0.6878316230814263 0.004162245025580935
91 0.6919938681070072 0.004162245025580935
92 0.6961561131325882 0.004162245025580935
93 0.6997980775299716 0.0036419643973834015
94 0.703440041927355 0.0036419643973834015
95 0.7070820063247384 0.0036419643973834015
96 0.7107239707221218 0.0036419643973834015
97 0.7143659351195052 0.0036419643973834015
98 0.7180078995168886 0.0036419643973834015
99 0.721649863914272 0.0036419643973834015
100 0.7252918283116554 0.0036419643973834015
101 0.7288594669050105 0.0035676385933550714
102 0.7324271054983655 0.0035676385933550714
103 0.7359947440917206 0.0035676385933550714
104 0.7395623826850757 0.0035676385933550714
105 0.7426840664542614 0.003121683769185757
106 0.7458057502234472 0.003121683769185757
107 0.748927433992633 0.003121683769185757
108 0.7520491177618187 0.003121683769185757
109 0.7551708015310045 0.003121683769185757
110 0.7582924853001902 0.003121683769185757
111 0.761414169069376 0.003121683769185757
112 0.7645358528385617 0.003121683769185757
113 0.7675938287757232 0.0030579759371615056
114 0.7706518047128847 0.0030579759371615056
115 0.7737097806500463 0.0030579759371615056
116 0.7767677565872078 0.0030579759371615056
117 0.7794434855322241 0.0026757289450163313
118 0.7821192144772404 0.0026757289450163313
119 0.7847949434222568 0.0026757289450163313
120 0.7874706723672731 0.0026757289450163313
121 0.7901464013122894 0.0026757289450163313
122 0.7928221302573057 0.0026757289450163313
123 0.7954978592023221 0.0026757289450163313
124 0.7981735881473384 0.0026757289450163313
125 0.8007947103791911 0.002621122231852735
126 0.8034158326110439 0.002621122231852735
127 0.8060369548428966 0.002621122231852735
128 0.8086580770747493 0.002621122231852735
129 0.8109515590276205 0.002293481952871157
130 0.8132450409804917 0.002293481952871157
131 0.8155385229333628 0.002293481952871157
132 0.817832004886234 0.002293481952871157
133 0.8201254868391051 0.002293481952871157
134 0.8224189687919763 0.002293481952871157
135 0.8247124507448474 0.002293481952871157
136 0.8270059326977186 0.002293481952871157
137 0.8292526088964496 0.002246676198730979
138 0.8314992850951806 0.002246676198730979
139 0.8337459612939115 0.002246676198730979
140 0.8359926374926425 0.002246676198730979
141 0.8379584791665321 0.001965841673889579
142 0.8399243208404217 0.001965841673889579
143 0.8418901625143113 0.001965841673889579
144 0.8438560041882008 0.001965841673889579
145 0.8458218458620904 0.001965841673889579
146 0.84778768753598 0.001965841673889579
147 0.8497535292098696 0.001965841673889579
148 0.8517193708837592 0.001965841673889579
149 0.8536450933398142 0.0019257224560550457
150 0.8555708157958692 0.0019257224560550457
151 0.8574965382519243 0.0019257224560550457
152 0.8594222607079793 0.0019257224560550457
153 0.8611072678570275 0.0016850071490481788
154 0.8627922750060757 0.0016850071490481788
155 0.8644772821551239 0.0016850071490481788
156 0.866162289304172 0.0016850071490481788
157 0.8678472964532202 0.0016850071490481788
158 0.8695323036022684 0.0016850071490481788
159 0.8712173107513166 0.0016850071490481788
160 0.8729023179003648 0.0016850071490481788
161 0.874552937148412 0.0016506192480472137
162 0.8762035563964592 0.0016506192480472137
163 0.8778541756445064 0.0016506192480472137
164 0.8795047948925536 0.0016506192480472137
165 0.8809490867345949 0.001444291842041312
166 0.8823933785766362 0.001444291842041312
167 0.8838376704186776 0.001444291842041312
168 0.8852819622607189 0.001444291842041312
169 0.8867262541027602 0.001444291842041312
170 0.8881705459448015 0.001444291842041312
171 0.8896148377868428 0.001444291842041312
172 0.8910591296288841 0.001444291842041312
173 0.8924739461272103 0.001414816498326199
174 0.8938887626255365 0.001414816498326199
175 0.8953035791238627 0.001414816498326199
176 0.8967183956221889 0.001414816498326199
177 0.8979563600582243 0.0012379644360354103
178 0.8991943244942597 0.0012379644360354103
179 0.9004322889302951 0.0012379644360354103
180 0.9016702533663306 0.0012379644360354103
181 0.902908217802366 0.0012379644360354103
182 0.9041461822384014 0.0012379644360354103
183 0.9053841466744368 0.0012379644360354103
184 0.9066221111104722 0.0012379644360354103
185 0.9078348109661804 0.0012126998557081548
186 0.9090475108218885 0.0012126998557081548
187 0.9102602106775967 0.0012126998557081548
188 0.9114729105333048 0.0012126998557081548
189 0.9125340229070494 0.0010611123737446215
190 0.9135951352807941 0.0010611123737446215
191 0.9146562476545387 0.0010611123737446215
192 0.9157173600282833 0.0010611123737446215
193 0.9167784724020279 0.0010611123737446215
194 0.9178395847757725 0.0010611123737446215
195 0.9189006971495172 0.0010611123737446215
196 0.9199618095232618 0.0010611123737446215
197 0.9210012665424402 0.0010394570191784025
198 0.9220407235616186 0.0010394570191784025
199 0.923080180580797 0.0010394570191784025
200 0.9241196375999754 0.0010394570191784025
201 0.9250291624917565 0.0009095248917810883
202 0.9259386873835376 0.0009095248917810883
203 0.9268482122753187 0.0009095248917810883
204 0.9277577371670997 0.0009095248917810883
205 0.9286672620588808 0.0009095248917810883
206 0.9295767869506619 0.0009095248917810883
207 0.930486311842443 0.0009095248917810883
208 0.9313958367342241 0.0009095248917810883
209 0.9322867998935199 0.0008909631592958211
210 0.9331777630528157 0.0008909631592958211
211 0.9340687262121116 0.0008909631592958211
212 0.9349596893714074 0.0008909631592958211
213 0.9357392821357912 0.0007795927643837741
214 0.9365188749001749 0.0007795927643837741
215 0.9372984676645587 0.0007795927643837741
216 0.9380780604289425 0.0007795927643837741
217 0.9388576531933263 0.0007795927643837741
218 0.93963724595771 0.0007795927643837741
219 0.9404168387220938 0.0007795927643837741
220 0.9411964314864776 0.0007795927643837741
221 0.9419601141944454 0.0007636827079677833
222 0.9427237969024131 0.0007636827079677833
223 0.9434874796103809 0.0007636827079677833
224 0.9442511623183487 0.0007636827079677833
225 0.9449193846878206 0.0006682223694718381
226 0.9455876070572924 0.0006682223694718381
227 0.9462558294267642 0.0006682223694718381
228 0.9469240517962361 0.0006682223694718381
229 0.9475922741657079 0.0006682223694718381
230 0.9482604965351797 0.0006682223694718381
231 0.9489287189046516 0.0006682223694718381
232 0.9495969412741234 0.0006682223694718381
233 0.9502515264523815 0.0006545851782581158
234 0.9509061116306396 0.0006545851782581158
235 0.9515606968088978 0.0006545851782581158
236 0.9522152819871559 0.0006545851782581158
237 0.9527880440181318 0.000572762030975893
238 0.9533608060491077 0.000572762030975893
239 0.9539335680800836 0.000572762030975893
240 0.9545063301110595 0.000572762030975893
241 0.9550790921420353 0.000572762030975893
242 0.9556518541730112 0.000572762030975893
243 0.9562246162039871 0.000572762030975893
244 0.956797378234963 0.000572762030975893
245 0.9573584512448986 0.0005610730099355754
246 0.9579195242548342 0.0005610730099355754
247 0.9584805972647698 0.0005610730099355754
248 0.9590416702747053 0.0005610730099355754
249 0.9595326091583989 0.0004909388836935591
250 0.9600235480420924 0.0004909388836935591
251 0.960514486925786 0.0004909388836935591
252 0.9610054258094796 0.0004909388836935591
253 0.9614963646931731 0.0004909388836935591
254 0.9619873035768667 0.0004909388836935591
255 0.9624782424605602 0.0004909388836935591
256 0.9629691813442538 0.0004909388836935591
257 0.9634501010670558 0.0004809197228019535
258 0.9639310207898577 0.0004809197228019535
259 0.9644119405126595 0.0004809197228018425
260 0.9648928602354614 0.0004809197228018425
261 0.965313664992913 0.0004208047574516538
262 0.9657344697503647 0.0004208047574516538
263 0.9661552745078164 0.0004208047574516538
264 0.966576079265268 0.0004208047574516538
265 0.9669968840227197 0.0004208047574516538
266 0.9674176887801713 0.0004208047574516538
267 0.967838493537623 0.0004208047574516538
268 0.9682592982950746 0.0004208047574516538
269 0.9686715152003333 0.0004122169052587221
270 0.9690837321055921 0.0004122169052587221
271 0.9694959490108508 0.0004122169052587221
272 0.9699081659161095 0.0004122169052587221
273 0.970268855708211 0.0003606897921014651
274 0.9706295455003124 0.0003606897921014651
275 0.9709902352924139 0.0003606897921014651
276 0.9713509250845154 0.0003606897921014651
277 0.9717116148766168 0.0003606897921014651
278 0.9720723046687183 0.0003606897921014651
279 0.9724329944608198 0.0003606897921014651
280 0.9727936842529212 0.0003606897921014651
281 0.9731470130288573 0.00035332877593607925
282 0.9735003418047934 0.00035332877593607925
283 0.9738536705807295 0.00035332877593607925
284 0.9742069993566655 0.00035332877593607925
285 0.9745161620356096 0.0003091626789440971
286 0.9748253247145537 0.0003091626789440971
287 0.9751344873934978 0.0003091626789440971
288 0.9754436500724419 0.0003091626789440971
289 0.975752812751386 0.0003091626789440971
290 0.9760619754303301 0.0003091626789440971
291 0.9763711381092742 0.0003091626789440971
292 0.9766803007882183 0.0003091626789440971
293 0.976983154024735 0.00030285323651668694
294 0.9772860072612517 0.00030285323651668694
295 0.9775888604977684 0.00030285323651668694
296 0.9778917137342851 0.00030285323651668694
297 0.9781567103162372 0.00026499658195211495
298 0.9784217068981893 0.00026499658195211495
299 0.9786867034801414 0.00026499658195211495
300 0.9789517000620935 0.00026499658195211495
301 0.9792166966440456 0.00026499658195211495
302 0.9794816932259977 0.00026499658195200393
303 0.9797466898079498 0.00026499658195211495
304 0.9800116863899018 0.00026499658195200393
305 0.9802712748783446 0.0002595884884428745
306 0.9805308633667875 0.0002595884884428745
307 0.9807904518552304 0.0002595884884428745
308 0.9810500403436733 0.0002595884884428745
309 0.9812771802710607 0.00022713992738743194
310 0.9815043201984481 0.00022713992738743194
311 0.9817314601258356 0.00022713992738743194
312 0.981958600053223 0.00022713992738743194
313 0.9821857399806104 0.00022713992738743194
314 0.9824128799079979 0.00022713992738743194
315 0.9826400198353853 0.00022713992738743194
316 0.9828671597627727 0.00022713992738743194
317 0.9830896641814381 0.00022250441866533688
318 0.9833121686001034 0.00022250441866533688
319 0.9835346730187687 0.00022250441866533688
320 0.9837571774374341 0.00022250441866533688
321 0.9839518688037662 0.00019469136633210038
322 0.9841465601700983 0.00019469136633210038
323 0.9843412515364304 0.00019469136633210038
324 0.9845359429027625 0.00019469136633210038
325 0.9847306342690946 0.00019469136633210038
326 0.9849253256354267 0.00019469136633210038
327 0.9851200170017588 0.00019469136633210038
328 0.9853147083680909 0.00019469136633210038
329 0.9855054264412325 0.00019071807314163802
330 0.9856961445143742 0.00019071807314163802
331 0.9858868625875158 0.00019071807314163802
332 0.9860775806606574 0.00019071807314163802
333 0.9862444589746564 0.0001668783139989749
334 0.9864113372886554 0.0001668783139989749
335 0.9865782156026544 0.0001668783139989749
336 0.9867450939166533 0.0001668783139989749
337 0.9869119722306523 0.0001668783139989749
338 0.9870788505446513 0.0001668783139989749
339 0.9872457288586503 0.0001668783139989749
340 0.9874126071726492 0.0001668783139989749
341 0.9875760798067706 0.00016347263412141988
342 0.9877395524408921 0.00016347263412141988
343 0.9879030250750135 0.00016347263412141988
344 0.9880664977091349 0.00016347263412141988
345 0.9882095362639912 0.00014303855485631178
346 0.9883525748188475 0.00014303855485631178
347 0.9884956133737038 0.00014303855485631178
348 0.9886386519285602 0.00014303855485631178
349 0.9887816904834165 0.00014303855485631178
350 0.9889247290382728 0.00014303855485631178
351 0.989067767593129 0.00014303855485620076
352 0.9892108061479853 0.00014303855485631178
353 0.9893509255486608 0.0001401194006754869
354 0.9894910449493363 0.0001401194006754869
355 0.9896311643500117 0.0001401194006754869
356 0.9897712837506872 0.0001401194006754869
357 0.9898938882262783 0.00012260447559109267
358 0.9900164927018694 0.00012260447559109267
359 0.9901390971774605 0.00012260447559109267
360 0.9902617016530516 0.00012260447559109267
361 0.9903843061286427 0.00012260447559109267
362 0.9905069106042338 0.00012260447559109267
363 0.9906295150798249 0.00012260447559109267
364 0.990752119555416 0.00012260447559109267
365 0.9908722218988522 0.0001201023434361792
366 0.9909923242422883 0.0001201023434361792
367 0.9911124265857245 0.0001201023434361792
368 0.9912325289291607 0.0001201023434361792
369 0.9913376184796673 0.00010508955050658741
370 0.9914427080301739 0.00010508955050658741
371 0.9915477975806805 0.00010508955050658741
372 0.991652887131187 0.00010508955050658741
373 0.9917579766816936 0.00010508955050658741
374 0.9918630662322002 0.00010508955050658741
375 0.9919681557827068 0.00010508955050658741
376 0.9920732453332134 0.00010508955050658741
377 0.9921761901990158 0.00010294486580242346
378 0.9922791350648182 0.00010294486580242346
379 0.9923820799306207 0.00010294486580242346
380 0.9924850247964231 0.00010294486580242346
381 0.9925751015540002 9.007675757710665e-05
382 0.9926651783115773 9.007675757710665e-05
383 0.9927552550691544 9.007675757710665e-05
384 0.9928453318267315 9.007675757710665e-05
385 0.9929354085843086 9.007675757710665e-05
386 0.9930254853418857 9.007675757710665e-05
387 0.9931155620994628 9.007675757710665e-05
388 0.9932056388570399 9.007675757710665e-05
389 0.993293877313442 8.823845640204553e-05
390 0.993382115769844 8.823845640204553e-05
391 0.9934703542262461 8.823845640204553e-05
392 0.9935585926826481 8.823845640204553e-05
393 0.9936358013319999 7.720864935178984e-05
394 0.9937130099813517 7.720864935178984e-05
395 0.9937902186307035 7.720864935178984e-05
396 0.9938674272800553 7.720864935178984e-05
397 0.9939446359294071 7.720864935178984e-05
398 0.9940218445787589 7.720864935178984e-05
399 0.9940990532281107 7.720864935178984e-05
400 0.9941762618774624 7.720864935178984e-05
401 0.9942518948400928 7.563296263035646e-05
402 0.9943275278027232 7.563296263035646e-05
403 0.9944031607653535 7.563296263035646e-05
404 0.9944787937279839 7.563296263035646e-05
405 0.9945449725702854 6.617884230153415e-05
406 0.9946111514125869 6.617884230153415e-05
407 0.9946773302548885 6.617884230153415e-05
408 0.99474350909719 6.617884230153415e-05
409 0.9948096879394915 6.617884230153415e-05
410 0.9948758667817931 6.617884230153415e-05
411 0.9949420456240946 6.617884230153415e-05
412 0.9950082244663961 6.617884230153415e-05
413 0.9950730527200793 6.482825368314682e-05
414 0.9951378809737624 6.482825368314682e-05
415 0.9952027092274456 6.482825368314682e-05
416 0.9952675374811287 6.482825368314682e-05
417 0.9953242622031016 5.6724721972822856e-05
418 0.9953809869250744 5.6724721972822856e-05
419 0.9954377116470472 5.6724721972822856e-05
420 0.99549443636902 5.6724721972822856e-05
421 0.9955511610909928 5.6724721972822856e-05
422 0.9956078858129657 5.6724721972822856e-05
423 0.9956646105349385 5.6724721972822856e-05
424 0.9957213352569113 5.6724721972822856e-05
425 0.9957769023314968 5.5567074585538556e-05
426 0.9958324694060824 5.5567074585538556e-05
427 0.9958880364806679 5.5567074585538556e-05
428 0.9959436035552535 5.5567074585538556e-05
429 0.9959922247455159 4.862119026238787e-05
430 0.9960408459357782 4.862119026238787e-05
431 0.9960894671260406 4.862119026238787e-05
432 0.996138088316303 4.862119026238787e-05
433 0.9961867095065654 4.862119026238787e-05
434 0.9962353306968278 4.862119026238787e-05
435 0.9962839518870902 4.862119026238787e-05
436 0.9963325730773526 4.862119026238787e-05
437 0.9963802019984259 4.762892107335048e-05
438 0.9964278309194993 4.762892107335048e-05
439 0.9964754598405726 4.762892107335048e-05
440 0.996523088761646 4.762892107335048e-05
441 0.9965647640675851 4.167530593912616e-05
442 0.9966064393735242 4.167530593912616e-05
443 0.9966481146794633 4.167530593912616e-05
444 0.9966897899854025 4.167530593912616e-05
445 0.9967314652913416 4.167530593912616e-05
446 0.9967731405972807 4.167530593912616e-05
447 0.9968148159032199 4.167530593912616e-05
448 0.996856491209159 4.167530593912616e-05
449 0.9968973159986504 4.082478949141155e-05
450 0.9969381407881418 4.082478949141155e-05
451 0.9969789655776332 4.082478949141155e-05
452 0.9970197903671246 4.082478949141155e-05
453 0.9970555120579296 3.572169080501286e-05
454 0.9970912337487347 3.572169080501286e-05
455 0.9971269554395397 3.572169080501286e-05
456 0.9971626771303447 3.572169080501286e-05
457 0.9971983988211497 3.572169080501286e-05
458 0.9972341205119547 3.572169080501286e-05
459 0.9972698422027597 3.572169080501286e-05
460 0.9973055638935647 3.572169080501286e-05
461 0.9973405565702717 3.4992676706924186e-05
462 0.9973755492469786 3.4992676706924186e-05
463 0.9974105419236855 3.4992676706924186e-05
464 0.9974455346003924 3.4992676706924186e-05
465 0.997476153192511 3.0618592118614174e-05
466 0.9975067717846297 3.0618592118614174e-05
467 0.9975373903767483 3.0618592118614174e-05
468 0.9975680089688669 3.0618592118614174e-05
469 0.9975986275609855 3.0618592118614174e-05
470 0.9976292461531041 3.0618592118614174e-05
471 0.9976598647452227 3.0618592118614174e-05
472 0.9976904833373413 3.0618592118614174e-05
473 0.997720477060233 2.9993722891696883e-05
474 0.9977504707831247 2.9993722891696883e-05
475 0.9977804645060164 2.9993722891696883e-05
476 0.9978104582289081 2.9993722891696883e-05
477 0.9978367027364383 2.624450753019314e-05
478 0.9978629472439685 2.624450753019314e-05
479 0.9978891917514987 2.624450753019314e-05
480 0.9979154362590289 2.624450753019314e-05
481 0.9979416807665591 2.624450753019314e-05
482 0.9979679252740893 2.624450753019314e-05
483 0.9979941697816195 2.624450753019314e-05
484 0.9980204142891497 2.624450753019314e-05
485 0.9980461231944854 2.5708905335708465e-05
486 0.9980718320998211 2.5708905335708465e-05
487 0.9980975410051568 2.5708905335708465e-05
488 0.9981232499104925 2.5708905335708465e-05
489 0.9981457452026613 2.2495292168800418e-05
490 0.9981682404948301 2.2495292168800418e-05
491 0.9981907357869989 2.2495292168800418e-05
492 0.9982132310791677 2.2495292168800418e-05
493 0.9982357263713365 2.2495292168800418e-05
494 0.9982582216635053 2.2495292168800418e-05
495 0.9982807169556741 2.2495292168800418e-05
496 0.9983032122478429 2.2495292168800418e-05
497 0.9983252484524163 2.2036204573416818e-05
498 0.9983472846569897 2.2036204573416818e-05
499 0.9983693208615632 2.2036204573416818e-05
500 0.9983913570661366 2.2036204573416818e-05
501 0.9984106387451384 1.928167900178135e-05
502 0.9984299204241401 1.928167900178135e-05
503 0.9984492021031419 1.928167900178135e-05
504 0.9984684837821437 1.928167900178135e-05
505 0.9984877654611455 1.928167900178135e-05
506 0.9985070471401473 1.928167900178135e-05
507 0.998526328819149 1.928167900178135e-05
508 0.9985456104981508 1.928167900178135e-05
509 0.9985644986734995 1.8888175348674707e-05
510 0.9985833868488482 1.8888175348674707e-05
511 0.9986022750241969 1.8888175348674707e-05
512 0.9986211631995455 1.8888175348674707e-05
513 0.9986376903529757 1.652715343014588e-05
514 0.9986542175064058 1.652715343014588e-05
515 0.998670744659836 1.652715343014588e-05
516 0.9986872718132661 1.652715343014588e-05
517 0.9987037989666963 1.652715343014588e-05
518 0.9987203261201264 1.652715343014588e-05
519 0.9987368532735565 1.652715343014588e-05
520 0.9987533804269867 1.652715343014588e-05
521 0.9987695702915713 1.61898645846259e-05
522 0.9987857601561559 1.61898645846259e-05
523 0.9988019500207406 1.61898645846259e-05
524 0.9988181398853252 1.61898645846259e-05
525 0.9988323060168367 1.416613151150603e-05
526 0.9988464721483482 1.416613151150603e-05
527 0.9988606382798597 1.416613151150603e-05
528 0.9988748044113712 1.416613151150603e-05
529 0.9988889705428827 1.416613151150603e-05
530 0.9989031366743942 1.416613151150603e-05
531 0.9989173028059057 1.416613151150603e-05
532 0.9989314689374172 1.416613151150603e-05
533 0.998945345964204 1.387702678679048e-05
534 0.9989592229909908 1.387702678679048e-05
535 0.9989731000177776 1.387702678679048e-05
536 0.9989869770445644 1.387702678679048e-05
537 0.9989991194430028 1.214239843838616e-05
538 0.9990112618414412 1.214239843838616e-05
539 0.9990234042398796 1.214239843838616e-05
540 0.9990355466383181 1.2142398438497182e-05
541 0.9990476890367564 1.214239843838616e-05
542 0.999059831435195 1.2142398438497182e-05
543 0.9990719738336333 1.214239843838616e-05
544 0.9990841162320718 1.2142398438497182e-05
545 0.9990960108264605 1.1894594388661694e-05
546 0.9991079054208492 1.1894594388661694e-05
547 0.9991198000152378 1.1894594388661694e-05
548 0.9991316946096265 1.1894594388661694e-05
549 0.9991421023797166 1.040777009009286e-05
550 0.9991525101498067 1.040777009009286e-05
551 0.9991629179198968 1.040777009009286e-05
552 0.9991733256899868 1.040777009009286e-05
553 0.9991837334600769 1.040777009009286e-05
554 0.999194141230167 1.040777009009286e-05
555 0.9992045490002571 1.040777009009286e-05
556 0.9992149567703472 1.040777009009286e-05
557 0.999225152136966 1.019536661883702e-05
558 0.9992353475035849 1.019536661883702e-05
559 0.9992455428702037 1.019536661883702e-05
560 0.9992557382368226 1.019536661883702e-05
561 0.9992646591826141 8.920945791524026e-06
562 0.9992735801284056 8.920945791524026e-06
563 0.9992825010741971 8.920945791524026e-06
564 0.9992914220199887 8.920945791524026e-06
565 0.9993003429657802 8.920945791524026e-06
566 0.9993092639115717 8.920945791524026e-06
567 0.9993181848573632 8.920945791524026e-06
568 0.9993271058031548 8.920945791524026e-06
569 0.9993358446888281 8.738885673320596e-06
570 0.9993445835745014 8.738885673320596e-06
571 0.9993533224601747 8.738885673320596e-06
572 0.999362061345848 8.738885673320596e-06
573 0.9993697078708121 7.64652496410001e-06
574 0.9993773543957762 7.64652496410001e-06
575 0.9993850009207403 7.64652496410001e-06
576 0.9993926474457044 7.64652496410001e-06
577 0.9994002939706685 7.64652496410001e-06
578 0.9994079404956326 7.64652496410001e-06
579 0.9994155870205967 7.64652496410001e-06
580 0.9994232335455608 7.64652496410001e-06
581 0.9994307240189951 7.4904734342906565e-06
582 0.9994382144924294 7.4904734342906565e-06
583 0.9994457049658637 7.4904734342906565e-06
584 0.999453195439298 7.4904734342906565e-06
585 0.999459749603553 6.554164254990447e-06
586 0.999466303767808 6.554164254990447e-06
587 0.999472857932063 6.554164254990447e-06
588 0.999479412096318 6.554164254990447e-06
589 0.999485966260573 6.554164254990447e-06
590 0.999492520424828 6.554164254990447e-06
591 0.9994990745890829 6.554164254990447e-06
592 0.9995056287533379 6.554164254990447e-06
593 0.9995120491591387 6.420405800788842e-06
594 0.9995184695649395 6.420405800788842e-06
595 0.9995248899707403 6.420405800788842e-06
596 0.9995313103765411 6.420405800788842e-06
597 0.9995369282316168 5.617855075690237e-06
598 0.9995425460866925 5.617855075690237e-06
599 0.9995481639417682 5.617855075690237e-06
600 0.9995537817968438 5.617855075690237e-06
601 0.9995593996519195 5.617855075690237e-06
602 0.9995650175069952 5.617855075690237e-06
603 0.9995706353620709 5.617855075690237e-06
604 0.9995762532171466 5.617855075690237e-06
605 0.9995817564221188 5.503204972168163e-06
606 0.9995872596270909 5.503204972168163e-06
607 0.9995927628320631 5.503204972168163e-06
608 0.9995982660370353 5.503204972168163e-06
609 0.9996030813413859 4.8153043505916315e-06
610 0.9996078966457365 4.8153043505916315e-06
611 0.999612711950087 4.8153043505916315e-06
612 0.9996175272544376 4.8153043505916315e-06
613 0.9996223425587882 4.8153043505916315e-06
614 0.9996271578631388 4.8153043505916315e-06
615 0.9996319731674894 4.8153043505916315e-06
616 0.99963678847184 4.8153043505916315e-06
617 0.9996415055046732 4.717032833223556e-06
618 0.9996462225375065 4.717032833223556e-06
619 0.9996509395703397 4.717032833223556e-06
620 0.9996556566031729 4.717032833223556e-06
621 0.999659784006902 4.127403729126122e-06
622 0.9996639114106312 4.127403729126122e-06
623 0.9996680388143603 4.127403729126122e-06
624 0.9996721662180894 4.127403729126122e-06
625 0.9996762936218185 4.127403729126122e-06
626 0.9996804210255477 4.127403729126122e-06
627 0.9996845484292768 4.127403729126122e-06
628 0.9996886758330059 4.127403729126122e-06
629 0.9996927190040058 4.0431709998900445e-06
630 0.9996967621750057 4.0431709998900445e-06
631 0.9997008053460056 4.0431709998900445e-06
632 0.9997048485170055 4.0431709998900445e-06
633 0.9997083862916304 3.5377746249176667e-06
634 0.9997119240662553 3.5377746249176667e-06
635 0.9997154618408802 3.5377746249176667e-06
636 0.9997189996155051 3.5377746249176667e-06
637 0.9997225373901301 3.5377746249176667e-06
638 0.999726075164755 3.5377746249176667e-06
639 0.9997296129393799 3.5377746249176667e-06
640 0.9997331507140048 3.5377746249176667e-06
641 0.9997366162891476 3.465575142747035e-06
642 0.9997400818642903 3.465575142747035e-06
643 0.9997435474394331 3.465575142747035e-06
644 0.9997470130145758 3.465575142747035e-06
645 0.9997500453928257 3.032378249945289e-06
646 0.9997530777710757 3.032378249945289e-06
647 0.9997561101493256 3.032378249945289e-06
648 0.9997591425275756 3.032378249945289e-06
649 0.9997621749058255 3.032378249945289e-06
650 0.9997652072840755 3.032378249945289e-06
651 0.9997682396623254 3.032378249945289e-06
652 0.9997712720405754 3.032378249945289e-06
653 0.999774242533555 2.9704929795926205e-06
654 0.9997772130265346 2.9704929795926205e-06
655 0.9997801835195141 2.9704929795926205e-06
656 0.9997831540124937 2.9704929795926205e-06
657 0.9997857531938509 2.599181357143543e-06
658 0.999788352375208 2.599181357143543e-06
659 0.9997909515565652 2.599181357143543e-06
660 0.9997935507379223 2.599181357143543e-06
661 0.9997961499192795 2.599181357143543e-06
662 0.9997987491006366 2.599181357143543e-06
663 0.9998013482819937 2.599181357143543e-06
664 0.9998039474633509 2.599181357143543e-06
665 0.9998064936001905 2.5461368395873762e-06
666 0.9998090397370301 2.5461368395873762e-06
667 0.9998115858738696 2.5461368395873762e-06
668 0.9998141320107092 2.5461368395873762e-06
669 0.9998163598804439 2.2278697346944654e-06
670 0.9998185877501786 2.2278697346944654e-06
671 0.9998208156199133 2.2278697346944654e-06
672 0.999823043489648 2.2278697346944654e-06
673 0.9998252713593827 2.2278697346944654e-06
674 0.9998274992291174 2.2278697346944654e-06
675 0.9998297270988521 2.2278697346944654e-06
676 0.9998319549685868 2.2278697346944654e-06
677 0.9998341373715921 2.1824030053130272e-06
678 0.9998363197745974 2.1824030053130272e-06
679 0.9998385021776027 2.1824030053130272e-06
680 0.999840684580608 2.1824030053130272e-06
681 0.9998425941832377 1.909602629690532e-06
682 0.9998445037858674 1.909602629690532e-06
683 0.9998464133884971 1.909602629690532e-06
684 0.9998483229911268 1.909602629690532e-06
685 0.9998502325937565 1.909602629690532e-06
686 0.9998521421963862 1.909602629690532e-06
687 0.9998540517990159 1.909602629690532e-06
688 0.9998559614016456 1.909602629690532e-06
689 0.999857832032793 1.8706311474270265e-06
690 0.9998597026639404 1.8706311474270265e-06
691 0.9998615732950878 1.8706311474270265e-06
692 0.9998634439262353 1.8706311474270265e-06
693 0.9998650807284893 1.6368022540680371e-06
694 0.9998667175307434 1.6368022540680371e-06
695 0.9998683543329975 1.6368022540680371e-06
696 0.9998699911352515 1.6368022540680371e-06
697 0.9998716279375056 1.6368022540680371e-06
698 0.9998732647397597 1.6368022540680371e-06
699 0.9998749015420137 1.6368022540680371e-06
700 0.9998765383442678 1.6368022540680371e-06
701 0.9998781417423942 1.603398126381883e-06
702 0.9998797451405206 1.603398126381883e-06
703 0.999881348538647 1.603398126381883e-06
704 0.9998829519367733 1.603398126381883e-06
705 0.9998843549101339 1.4029733605980255e-06
706 0.9998857578834945 1.4029733605980255e-06
707 0.9998871608568551 1.4029733605980255e-06
708 0.9998885638302157 1.4029733605980255e-06
709 0.9998899668035763 1.4029733605980255e-06
710 0.9998913697769369 1.4029733605980255e-06
711 0.9998927727502975 1.4029733605980255e-06
712 0.9998941757236581 1.4029733605980255e-06
713 0.9998955500649094 1.3743412512479125e-06
714 0.9998969244061606 1.3743412512479125e-06
715 0.9998982987474118 1.3743412511368902e-06
716 0.999899673088663 1.3743412512479125e-06
717 0.9999008756372578 1.2025485948141679e-06
718 0.9999020781858526 1.2025485948141679e-06
719 0.9999032807344475 1.2025485948141679e-06
720 0.9999044832830423 1.2025485948141679e-06
721 0.9999056858316371 1.2025485948141679e-06
722 0.9999068883802319 1.2025485948141679e-06
723 0.9999080909288267 1.2025485948141679e-06
724 0.9999092934774215 1.2025485948141679e-06
725 0.9999104714842083 1.178006786783925e-06
726 0.9999116494909951 1.178006786783925e-06
727 0.9999128274977819 1.178006786783925e-06
728 0.9999140055045687 1.178006786783925e-06
729 0.999915036260507 1.0307559383804232e-06
730 0.9999160670164454 1.0307559383804232e-06
731 0.9999170977723838 1.0307559383804232e-06
732 0.9999181285283222 1.0307559383804232e-06
733 0.9999191592842606 1.0307559383804232e-06
734 0.9999201900401989 1.0307559383804232e-06
735 0.9999212207961373 1.0307559383804232e-06
736 0.9999222515520757 1.0307559383804232e-06
737 0.9999232612721786 1.009720102862488e-06
738 0.9999242709922814 1.009720102862488e-06
739 0.9999252807123843 1.009720102862488e-06
740 0.9999262904324872 1.009720102862488e-06
741 0.9999271739375772 8.835050900879438e-07
742 0.9999280574426673 8.835050900879438e-07
743 0.9999289409477574 8.835050900879438e-07
744 0.9999298244528475 8.835050900879438e-07
745 0.9999307079579376 8.835050900879438e-07
746 0.9999315914630277 8.835050900879438e-07
747 0.9999324749681178 8.835050900879438e-07
748 0.9999333584732079 8.835050900879438e-07
749 0.9999342239475818 8.654743739455739e-07
750 0.9999350894219557 8.654743739455739e-07
751 0.9999359548963297 8.654743739455739e-07
752 0.9999368203707036 8.654743739455739e-07
753 0.9999375776607808 7.572900772023772e-07
754 0.999938334950858 7.572900772023772e-07
755 0.9999390922409352 7.572900772023772e-07
756 0.9999398495310124 7.572900772023772e-07
757 0.9999406068210897 7.572900772023772e-07
758 0.9999413641111669 7.572900772023772e-07
759 0.999942121401244 7.572900772023772e-07
760 0.9999428786913213 7.572900772023772e-07
761 0.9999436205264989 7.418351776200538e-07
762 0.9999443623616765 7.418351776200538e-07
763 0.9999451041968541 7.418351776200538e-07
764 0.9999458460320317 7.418351776200538e-07
765 0.9999464951378122 6.491057804591804e-07
766 0.9999471442435927 6.491057804591804e-07
767 0.9999477933493731 6.491057804591804e-07
768 0.9999484424551536 6.491057804591804e-07
769 0.999949091560934 6.491057804591804e-07
770 0.9999497406667145 6.491057804591804e-07
771 0.999950389772495 6.491057804591804e-07
772 0.9999510388782754 6.491057804591804e-07
773 0.9999516747369991 6.358587236743318e-07
774 0.9999523105957228 6.358587236743318e-07
775 0.9999529464544464 6.358587236743318e-07
776 0.9999535823131701 6.358587236743318e-07
777 0.9999541386895533 5.563763831872848e-07
778 0.9999546950659365 5.563763831872848e-07
779 0.9999552514423197 5.563763831872848e-07
780 0.9999558078187029 5.563763831872848e-07
781 0.999956364195086 5.563763831872848e-07
782 0.9999569205714692 5.563763831872848e-07
783 0.9999574769478524 5.563763831872848e-07
784 0.9999580333242356 5.563763831872848e-07
785 0.9999585783459988 5.450217631652876e-07
786 0.9999591233677619 5.450217631652876e-07
787 0.9999596683895251 5.450217631652876e-07
788 0.9999602134112883 5.450217631652876e-07
789 0.9999606903053311 4.7689404281126e-07
790 0.9999611671993739 4.7689404281126e-07
791 0.9999616440934167 4.7689404281126e-07
792 0.9999621209874595 4.7689404281126e-07
793 0.9999625978815023 4.7689404281126e-07
794 0.9999630747755451 4.7689404281126e-07
795 0.999963551669588 4.7689404281126e-07
796 0.9999640285636308 4.7689404281126e-07
797 0.999964495725142 4.671615112528116e-07
798 0.9999649628866533 4.671615112528116e-07
799 0.9999654300481645 4.671615112528116e-07
800 0.9999658972096758 4.671615112528116e-07
801 0.9999663059759981 4.0876632234621013e-07
802 0.9999667147423205 4.0876632234621013e-07
803 0.9999671235086428 4.0876632234621013e-07
804 0.9999675322749652 4.0876632234621013e-07
805 0.9999679410412875 4.0876632234621013e-07
806 0.9999683498076098 4.0876632234621013e-07
807 0.9999687585739322 4.0876632234621013e-07
808 0.9999691673402545 4.0876632234621013e-07
809 0.999969567764407 4.004241525024099e-07
810 0.9999699681885595 4.004241525024099e-07
811 0.999970368612712 4.004241525024099e-07
812 0.9999707690368645 4.004241525024099e-07
813 0.999971119407998 3.503711334396087e-07
814 0.9999714697791314 3.503711334396087e-07
815 0.9999718201502649 3.503711334396087e-07
816 0.9999721705213983 3.503711334396087e-07
817 0.9999725208925317 3.503711334396087e-07
818 0.9999728712636652 3.503711334396087e-07
819 0.9999732216347986 3.503711334396087e-07
820 0.9999735720059321 3.503711334396087e-07
821 0.9999739152266343 3.432207021925038e-07
822 0.9999742584473365 3.432207021925038e-07
823 0.9999746016680386 3.432207021925038e-07
824 0.9999749448887408 3.432207021925038e-07
825 0.9999752452068552 3.0031811437680744e-07
826 0.9999755455249696 3.0031811437680744e-07
827 0.999975845843084 3.0031811437680744e-07
828 0.9999761461611983 3.0031811437680744e-07
829 0.9999764464793127 3.0031811437680744e-07
830 0.9999767467974271 3.0031811437680744e-07
831 0.9999770471155415 3.0031811437680744e-07
832 0.9999773474336558 3.0031811437680744e-07
833 0.9999776416228292 2.9418917335544137e-07
834 0.9999779358120024 2.9418917324441907e-07
835 0.9999782300011758 2.9418917335544137e-07
836 0.9999785241903492 2.9418917335544137e-07
837 0.9999787816058758 2.574155266721334e-07
838 0.9999790390214025 2.574155266721334e-07
839 0.9999792964369292 2.574155266721334e-07
840 0.9999795538524558 2.574155266721334e-07
841 0.9999798112679825 2.574155266721334e-07
842 0.9999800686835092 2.574155266721334e-07
843 0.9999803260990359 2.574155266721334e-07
844 0.9999805835145625 2.574155266721334e-07
845 0.999980835676711 2.5216214849521634e-07
846 0.9999810878388595 2.5216214849521634e-07
847 0.999981340001008 2.5216214849521634e-07
848 0.9999815921631565 2.5216214849521634e-07
849 0.9999818128050365 2.2064187998882545e-07
850 0.9999820334469165 2.2064187998882545e-07
851 0.9999822540887965 2.2064187998882545e-07
852 0.9999824747306765 2.2064187998882545e-07
853 0.9999826953725565 2.2064187998882545e-07
854 0.9999829160144365 2.2064187998882545e-07
855 0.9999831366563164 2.2064187998882545e-07
856 0.9999833572981964 2.2064187998882545e-07
857 0.9999835734371809 2.1613898448791247e-07
858 0.9999837895761654 2.1613898448791247e-07
859 0.9999840057151499 2.1613898448791247e-07
860 0.9999842218541344 2.1613898448791247e-07
861 0.9999844109757458 1.8912161137141226e-07
862 0.9999846000973571 1.8912161137141226e-07
863 0.9999847892189685 1.8912161137141226e-07
864 0.9999849783405799 1.8912161137141226e-07
865 0.9999851674621912 1.8912161137141226e-07
866 0.9999853565838026 1.8912161137141226e-07
867 0.999985545705414 1.8912161137141226e-07
868 0.9999857348270254 1.8912161137141226e-07
869 0.999985920089012 1.8526198664048366e-07
870 0.9999861053509986 1.8526198664048366e-07
871 0.9999862906129853 1.8526198664048366e-07
872 0.9999864758749719 1.8526198664048366e-07
873 0.9999866379792103 1.6210423836593435e-07
874 0.9999868000834486 1.6210423836593435e-07
875 0.999986962187687 1.6210423836593435e-07
876 0.9999871242919254 1.6210423836593435e-07
877 0.9999872863961637 1.6210423836593435e-07
878 0.9999874485004021 1.6210423836593435e-07
879 0.9999876106046405 1.6210423836593435e-07
880 0.9999877727088788 1.6210423836593435e-07
881 0.9999879315048674 1.5879598858070665e-07
882 0.999988090300856 1.5879598858070665e-07
883 0.9999882490968446 1.5879598858070665e-07
884 0.9999884078928332 1.5879598858070665e-07
885 0.9999885468393231 1.3894648998036274e-07
886 0.9999886857858131 1.3894648998036274e-07
887 0.9999888247323031 1.3894648998036274e-07
888 0.9999889636787931 1.3894648998036274e-07
889 0.9999891026252831 1.3894648998036274e-07
890 0.999989241571773 1.3894648998036274e-07
891 0.999989380518263 1.3894648998036274e-07
892 0.999989519464753 1.3894648998036274e-07
893 0.9999896555756004 1.3611084737075174e-07
894 0.9999897916864477 1.3611084737075174e-07
895 0.9999899277972951 1.3611084737075174e-07
896 0.9999900639081425 1.3611084737075174e-07
897 0.999990183005134 1.1909699149104114e-07
898 0.9999903021021255 1.1909699149104114e-07
899 0.999990421199117 1.1909699149104114e-07
900 0.9999905402961085 1.1909699149104114e-07
901 0.9999906593931 1.1909699149104114e-07
902 0.9999907784900914 1.1909699149104114e-07
903 0.9999908975870829 1.1909699149104114e-07
904 0.9999910166840744 1.1909699149104114e-07
905 0.999991133350515 1.1666644061936182e-07
906 0.9999912500169557 1.1666644061936182e-07
907 0.9999913666833963 1.1666644061936182e-07
908 0.9999914833498369 1.1666644061936182e-07
909 0.9999915854329724 1.0208313550030823e-07
910 0.9999916875161079 1.0208313550030823e-07
911 0.9999917895992434 1.0208313550030823e-07
912 0.9999918916823789 1.0208313550030823e-07
913 0.9999919937655144 1.0208313550030823e-07
914 0.9999920958486499 1.0208313550030823e-07
915 0.9999921979317854 1.0208313550030823e-07
916 0.9999923000149209 1.0208313550030823e-07
917 0.9999924000147271 9.999980621344662e-08
918 0.9999925000145333 9.999980621344662e-08
919 0.9999926000143395 9.999980621344662e-08
920 0.9999927000141458 9.999980621344662e-08
921 0.9999927875139762 8.749983049227694e-08
922 0.9999928750138067 8.749983049227694e-08
923 0.9999929625136372 8.749983049227694e-08
924 0.9999930500134677 8.749983049227694e-08
925 0.9999931375132982 8.749983049227694e-08
926 0.9999932250131287 8.749983049227694e-08
927 0.9999933125129592 8.749983049227694e-08
928 0.9999934000127897 8.749983049227694e-08
929 0.9999934857269093 8.571411957980501e-08
930 0.9999935714410289 8.571411957980501e-08
931 0.9999936571551484 8.571411957980501e-08
932 0.999993742869268 8.571411957980501e-08
933 0.9999938178691227 7.499985466008496e-08
934 0.9999938928689773 7.499985466008496e-08
935 0.999993967868832 7.499985466008496e-08
936 0.9999940428686867 7.499985466008496e-08
937 0.9999941178685413 7.499985466008496e-08
938 0.999994192868396 7.499985466008496e-08
939 0.9999942678682506 7.499985466008496e-08
940 0.9999943428681053 7.499985466008496e-08
941 0.9999944163373506 7.346924535411858e-08
942 0.999994489806596 7.346924535411858e-08
943 0.9999945632758414 7.346924535411858e-08
944 0.9999946367450867 7.346924535411858e-08
945 0.9999947010306764 6.428558974036491e-08
946 0.9999947653162662 6.428558974036491e-08
947 0.9999948296018559 6.428558974036491e-08
948 0.9999948938874457 6.428558974036491e-08
949 0.9999949581730354 6.428558974036491e-08
950 0.9999950224586251 6.428558974036491e-08
951 0.9999950867442149 6.428558974036491e-08
952 0.9999951510298046 6.428558974036491e-08
953 0.9999952140034435 6.297363885909846e-08
954 0.9999952769770823 6.297363885909846e-08
955 0.9999953399507212 6.297363885909846e-08
956 0.9999954029243601 6.297363885909846e-08
957 0.9999954580262941 5.510193401558894e-08
958 0.9999955131282281 5.510193401558894e-08
959 0.9999955682301621 5.510193401558894e-08
960 0.9999956233320961 5.510193401558894e-08
961 0.9999956784340301 5.510193401558894e-08
962 0.9999957335359642 5.510193401558894e-08
963 0.9999957886378982 5.510193401558894e-08
964 0.9999958437398322 5.510193401558894e-08
965 0.999995897717237 5.3977404768090764e-08
966 0.9999959516946417 5.3977404768090764e-08
967 0.9999960056720465 5.3977404768090764e-08
968 0.9999960596494513 5.3977404768090764e-08
969 0.9999961068796804 4.723022917207942e-08
970 0.9999961541099096 4.723022917207942e-08
971 0.9999962013401388 4.723022917207942e-08
972 0.999996248570368 4.723022917207942e-08
973 0.9999962958005971 4.723022917207942e-08
974 0.9999963430308263 4.723022917207942e-08
975 0.9999963902610555 4.723022917207942e-08
976 0.9999964374912846 4.723022917207942e-08
977 0.9999964837576316 4.6266346975798456e-08
978 0.9999965300239786 4.6266346975798456e-08
979 0.9999965762903256 4.6266346975798456e-08
980 0.9999966225566725 4.6266346975798456e-08
981 0.9999966630397261 4.048305357606807e-08
982 0.9999967035227797 4.048305357606807e-08
983 0.9999967440058333 4.048305357606807e-08
984 0.9999967844888868 4.048305357606807e-08
985 0.9999968249719404 4.048305357606807e-08
986 0.999996865454994 4.048305357606807e-08
987 0.9999969059380476 4.048305357606807e-08
988 0.9999969464211012 4.048305357606807e-08
989 0.9999969860779699 3.965686878881769e-08
990 0.9999970257348387 3.965686878881769e-08
991 0.9999970653917075 3.965686878881769e-08
992 0.9999971050485763 3.965686878881769e-08
993 0.9999971397483365 3.469976017633769e-08
994 0.9999971744480967 3.469976017633769e-08
995 0.9999972091478568 3.469976017633769e-08
996 0.999997243847617 3.469976017633769e-08
997 0.9999972785473772 3.469976017633769e-08
998 0.9999973132471374 3.469976017633769e-08
999 0.9999973479468975 3.469976017633769e-08
1000 0.9999973826466577 3.469976017633769e-08
1001 0.9999974166382596 3.399160186656758e-08
1002 0.9999974506298615 3.399160186656758e-08
1003 0.9999974846214633 3.399160186656758e-08
1004 0.9999975186130652 3.399160186656758e-08
1005 0.9999975483557167 2.974265156385769e-08
1006 0.9999975780983683 2.974265156385769e-08
1007 0.9999976078410199 2.974265156385769e-08
1008 0.9999976375836714 2.974265156385769e-08
1009 0.999997667326323 2.974265156385769e-08
1010 0.9999976970689746 2.974265156385769e-08
1011 0.9999977268116262 2.9742651674879994e-08
1012 0.9999977565542778 2.974265156385769e-08
1013 0.9999977856899366 2.9135658774492867e-08
1014 0.9999978148255954 2.9135658774492867e-08
1015 0.9999978439612541 2.9135658774492867e-08
1016 0.9999978730969129 2.9135658774492867e-08
1017 0.9999978985906143 2.5493701372170108e-08
1018 0.9999979240843156 2.5493701372170108e-08
1019 0.999997949578017 2.5493701372170108e-08
1020 0.9999979750717184 2.5493701372170108e-08
1021 0.9999980005654198 2.5493701372170108e-08
1022 0.9999980260591211 2.5493701372170108e-08
1023 0.9999980515528225 2.5493701372170108e-08
1024 0.9999980770465239 2.5493701372170108e-08
1025 0.9999981020199457 2.4973421774987514e-08
1026 0.9999981269933674 2.4973421774987514e-08
1027 0.9999981519667892 2.4973421774987514e-08
1028 0.999998176940211 2.4973421774987514e-08
1029 0.9999981987919551 2.185174408086965e-08
1030 0.9999982206436991 2.185174408086965e-08
1031 0.9999982424954432 2.185174408086965e-08
1032 0.9999982643471873 2.185174408086965e-08
1033 0.9999982861989314 2.185174408086965e-08
1034 0.9999983080506755 2.185174408086965e-08
1035 0.9999983299024195 2.185174408086965e-08
1036 0.9999983517541636 2.185174408086965e-08
1037 0.9999983731599537 2.1405790029405125e-08
1038 0.9999983945657437 2.1405790029405125e-08
1039 0.9999984159715337 2.1405790029405125e-08
1040 0.9999984373773239 2.1405790140427428e-08
1041 0.9999984561073901 1.8730066275729484e-08
1042 0.9999984748374564 1.8730066275729484e-08
1043 0.9999984935675227 1.8730066275729484e-08
1044 0.999998512297589 1.8730066275729484e-08
1045 0.9999985310276552 1.8730066275729484e-08
1046 0.9999985497577215 1.8730066275729484e-08
1047 0.9999985684877878 1.8730066275729484e-08
1048 0.9999985872178541 1.8730066275729484e-08
1049 0.9999986055656741 1.8347820041064722e-08
1050 0.9999986239134941 1.8347820041064722e-08
1051 0.9999986422613142 1.8347820041064722e-08
1052 0.9999986606091342 1.8347820041064722e-08
1053 0.9999986766634767 1.6054342522053844e-08
1054 0.9999986927178193 1.6054342522053844e-08
1055 0.9999987087721618 1.6054342522053844e-08
1056 0.9999987248265043 1.6054342522053844e-08
1057 0.9999987408808468 1.6054342522053844e-08
1058 0.9999987569351894 1.6054342522053844e-08
1059 0.9999987729895319 1.6054342522053844e-08
1060 0.9999987890438744 1.6054342522053844e-08
1061 0.9999988047705773 1.5726702939922177e-08
1062 0.9999988204972803 1.5726702939922177e-08
1063 0.9999988362239832 1.5726702939922177e-08
1064 0.9999988519506862 1.5726702939922177e-08
1065 0.9999988657115513 1.3760865114065268e-08
1066 0.9999988794724164 1.3760865114065268e-08
1067 0.9999988932332815 1.3760865114065268e-08
1068 0.9999989069941466 1.3760865114065268e-08
1069 0.9999989207550117 1.3760865114065268e-08
1070 0.9999989345158768 1.3760865114065268e-08
1071 0.999998948276742 1.3760865114065268e-08
1072 0.999998962037607 1.3760865003042966e-08
1073 0.9999989755176381 1.3480031091361866e-08
1074 0.9999989889976691 1.3480031091361866e-08
1075 0.9999990024777002 1.3480031091361866e-08
1076 0.9999990159577313 1.3480031091361866e-08
1077 0.9999990277527585 1.1795027177186057e-08
1078 0.9999990395477857 1.1795027177186057e-08
1079 0.9999990513428129 1.1795027177186057e-08
1080 0.99999906313784 1.1795027177186057e-08
1081 0.9999990749328672 1.1795027177186057e-08
1082 0.9999990867278944 1.1795027177186057e-08
1083 0.9999990985229216 1.1795027177186057e-08
1084 0.9999991103179487 1.1795027177186057e-08
1085 0.9999991218722611 1.1554312395745114e-08
1086 0.9999991334265735 1.1554312395745114e-08
1087 0.9999991449808859 1.1554312395745114e-08
1088 0.9999991565351983 1.1554312395745114e-08
1089 0.9999991666452216 1.0110023263010248e-08
1090 0.9999991767552449 1.0110023263010248e-08
1091 0.9999991868652681 1.0110023263010248e-08
1092 0.9999991969752914 1.0110023263010248e-08
1093 0.9999992070853146 1.0110023263010248e-08
1094 0.9999992171953379 1.0110023263010248e-08
1095 0.9999992273053612 1.0110023263010248e-08
1096 0.9999992374153844 1.0110023263010248e-08
1097 0.9999992473190807 9.90369630748944e-09
1098 0.999999257222777 9.90369630748944e-09
1099 0.9999992671264734 9.90369630748944e-09
1100 0.9999992770301697 9.90369630748944e-09
1101 0.9999992856959039 8.665734241297685e-09
1102 0.9999992943616381 8.665734241297685e-09
1103 0.9999993030273724 8.665734241297685e-09
1104 0.9999993116931066 8.665734241297685e-09
1105 0.9999993203588409 8.665734241297685e-09
1106 0.9999993290245751 8.665734241297685e-09
1107 0.9999993376903094 8.665734241297685e-09
1108 0.9999993463560436 8.665734241297685e-09
1109 0.9999993548449262 8.48888259685765e-09
1110 0.9999993633338088 8.48888259685765e-09
1111 0.9999993718226914 8.48888259685765e-09
1112 0.999999380311574 8.48888259685765e-09
1113 0.9999993877393462 7.427772175105929e-09
1114 0.9999993951671183 7.427772175105929e-09
1115 0.9999994025948906 7.427772286128231e-09
1116 0.9999994100226628 7.427772175105929e-09
1117 0.9999994174504351 7.427772286128231e-09
1118 0.9999994248782073 7.427772175105929e-09
1119 0.9999994323059795 7.427772286128231e-09
1120 0.9999994397337517 7.427772175105929e-09
1121 0.9999994470099367 7.276184987858869e-09
1122 0.9999994542861217 7.276184987858869e-09
1123 0.9999994615623068 7.276185098881172e-09
1124 0.9999994688384918 7.276184987858869e-09
1125 0.9999994752051536 6.3666618643765105e-09
1126 0.9999994815718155 6.3666618643765105e-09
1127 0.9999994879384774 6.3666618643765105e-09
1128 0.9999994943051392 6.3666618643765105e-09
1129 0.9999995006718011 6.3666618643765105e-09
1130 0.999999507038463 6.3666618643765105e-09
1131 0.9999995134051248 6.3666618643765105e-09
1132 0.9999995197717867 6.3666618643765105e-09
1133 0.9999995260085167 6.236730021313974e-09
1134 0.9999995322452467 6.236730021313974e-09
1135 0.9999995384819768 6.236730021313974e-09
1136 0.9999995447187068 6.236730021313974e-09
1137 0.9999995501758455 5.457138740894152e-09
1138 0.9999995556329843 5.457138740894152e-09
1139 0.999999561090123 5.457138740894152e-09
1140 0.9999995665472617 5.457138740894152e-09
1141 0.9999995720044005 5.457138740894152e-09
1142 0.9999995774615392 5.457138740894152e-09
1143 0.999999582918678 5.457138740894152e-09
1144 0.9999995883758167 5.457138740894152e-09
1145 0.9999995937215853 5.345768605558021e-09
1146 0.9999995990673539 5.345768605558021e-09
1147 0.9999996044131225 5.345768605558021e-09
1148 0.9999996097588911 5.345768605558021e-09
1149 0.9999996144364387 4.677547571496632e-09
1150 0.9999996191139863 4.677547571496632e-09
1151 0.9999996237915338 4.677547571496632e-09
1152 0.9999996284690814 4.677547571496632e-09
1153 0.999999633146629 4.677547571496632e-09
1154 0.9999996378241766 4.677547571496632e-09
1155 0.9999996425017241 4.677547571496632e-09
1156 0.9999996471792717 4.677547571496632e-09
1157 0.9999996517613591 4.5820873761925895e-09
1158 0.9999996563434465 4.5820873761925895e-09
1159 0.9999996609255338 4.5820873761925895e-09
1160 0.9999996655076212 4.5820873761925895e-09
1161 0.9999996695169476 4.00932642641294e-09
1162 0.9999996735262741 4.00932642641294e-09
1163 0.9999996775356005 4.00932642641294e-09
1164 0.9999996815449269 4.00932642641294e-09
1165 0.9999996855542533 4.00932642641294e-09
1166 0.9999996895635798 4.00932642641294e-09
1167 0.9999996935729062 4.00932642641294e-09
1168 0.9999996975822326 4.00932642641294e-09
1169 0.999999701509736 3.927503433587276e-09
1170 0.9999997054372395 3.927503433587276e-09
1171 0.9999997093647429 3.927503433587276e-09
1172 0.9999997132922464 3.927503433587276e-09
1173 0.9999997167288119 3.4365655876555934e-09
1174 0.9999997201653775 3.4365655876555934e-09
1175 0.9999997236019431 3.4365655876555934e-09
1176 0.9999997270385087 3.4365655876555934e-09
1177 0.9999997304750743 3.4365655876555934e-09
1178 0.9999997339116399 3.4365655876555934e-09
1179 0.9999997373482055 3.4365655876555934e-09
1180 0.999999740784771 3.4365655876555934e-09
1181 0.9999997441512026 3.366431577944695e-09
1182 0.9999997475176342 3.366431577944695e-09
1183 0.9999997508840658 3.366431577944695e-09
1184 0.9999997542504974 3.366431577944695e-09
1185 0.999999757196125 2.9456276307016083e-09
1186 0.9999997601417526 2.9456276307016083e-09
1187 0.9999997630873803 2.9456276307016083e-09
1188 0.9999997660330079 2.9456276307016083e-09
1189 0.9999997689786355 2.9456276307016083e-09
1190 0.9999997719242631 2.9456276307016083e-09
1191 0.9999997748698908 2.9456276307016083e-09
1192 0.9999997778155184 2.9456276307016083e-09
1193 0.9999997807010311 2.8855127176541373e-09
1194 0.9999997835865438 2.8855127176541373e-09
1195 0.9999997864720566 2.8855127176541373e-09
1196 0.9999997893575693 2.8855127176541373e-09
1197 0.999999791882393 2.5248236834585214e-09
1198 0.9999997944072166 2.5248236834585214e-09
1199 0.9999997969320403 2.5248236834585214e-09
1200 0.999999799456864 2.5248236834585214e-09
1201 0.9999998019816877 2.5248236834585214e-09
1202 0.9999998045065114 2.5248236834585214e-09
1203 0.9999998070313351 2.5248236834585214e-09
1204 0.9999998095561587 2.5248236834585214e-09
1205 0.9999998120294554 2.4732966785734334e-09
1206 0.9999998145027521 2.4732966785734334e-09
1207 0.9999998169760488 2.4732966785734334e-09
1208 0.9999998194493455 2.4732966785734334e-09
1209 0.99999982161348 2.164134538240603e-09
1210 0.9999998237776145 2.164134538240603e-09
1211 0.9999998259417491 2.164134538240603e-09
1212 0.9999998281058836 2.164134538240603e-09
1213 0.9999998302700182 2.164134538240603e-09
1214 0.9999998324341527 2.164134538240603e-09
1215 0.9999998345982872 2.164134538240603e-09
1216 0.9999998367624218 2.164134538240603e-09
1217 0.9999998388823903 2.1199685340533847e-09
1218 0.9999998410023588 2.1199685340533847e-09
1219 0.9999998431223274 2.1199685340533847e-09
1220 0.9999998452422959 2.1199685340533847e-09
1221 0.9999998470972684 1.854972508930075e-09
1222 0.9999998489522409 1.854972508930075e-09
1223 0.9999998508072134 1.854972508930075e-09
1224 0.9999998526621859 1.854972508930075e-09
1225 0.9999998545171584 1.854972508930075e-09
1226 0.999999856372131 1.854972508930075e-09
1227 0.9999998582271035 1.854972508930075e-09
1228 0.999999860082076 1.854972508930075e-09
1229 0.9999998618991919 1.8171159021918015e-09
1230 0.9999998637163078 1.8171159021918015e-09
1231 0.9999998655334237 1.8171159021918015e-09
1232 0.9999998673505396 1.8171159021918015e-09
1233 0.999999868940516 1.589976372784463e-09
1234 0.9999998705304923 1.589976372784463e-09
1235 0.9999998721204687 1.589976372784463e-09
1236 0.9999998737104451 1.589976372784463e-09
1237 0.9999998753004214 1.589976372784463e-09
1238 0.9999998768903978 1.589976372784463e-09
1239 0.9999998784803742 1.589976372784463e-09
1240 0.9999998800703506 1.589976372784463e-09
1241 0.9999998816278785 1.5575278844437435e-09
1242 0.9999998831854063 1.5575278844437435e-09
1243 0.9999998847429342 1.5575278844437435e-09
1244 0.9999998863004621 1.5575278844437435e-09
1245 0.9999998876632991 1.3628369543994268e-09
1246 0.999999889026136 1.3628369543994268e-09
1247 0.999999890388973 1.3628369543994268e-09
1248 0.9999998917518099 1.3628369543994268e-09
1249 0.9999998931146469 1.3628369543994268e-09
1250 0.9999998944774838 1.3628369543994268e-09
1251 0.9999998958403208 1.3628369543994268e-09
1252 0.9999998972031577 1.3628369543994268e-09
1253 0.9999998985381817 1.3350239802534247e-09
1254 0.9999998998732056 1.3350238692311223e-09
1255 0.9999999012082296 1.3350239802534247e-09
1256 0.9999999025432534 1.3350238692311223e-09
1257 0.9999999037113994 1.1681459133328076e-09
1258 0.9999999048795453 1.1681459133328076e-09
1259 0.9999999060476912 1.1681459133328076e-09
1260 0.9999999072158371 1.1681459133328076e-09
1261 0.999999908383983 1.1681459133328076e-09
1262 0.9999999095521289 1.1681459133328076e-09
1263 0.9999999107202748 1.1681459133328076e-09
1264 0.9999999118884207 1.1681459133328076e-09
1265 0.999999913032727 1.144306205347334e-09
1266 0.9999999141770332 1.144306205347334e-09
1267 0.9999999153213394 1.144306205347334e-09
1268 0.9999999164656456 1.144306205347334e-09
1269 0.9999999174669135 1.001267957434493e-09
1270 0.9999999184681815 1.001267957434493e-09
1271 0.9999999194694494 1.001267957434493e-09
1272 0.9999999204707174 1.001267957434493e-09
1273 0.9999999214719854 1.001267957434493e-09
1274 0.9999999224732533 1.001267957434493e-09
1275 0.9999999234745213 1.001267957434493e-09
1276 0.9999999244757892 1.001267957434493e-09
1277 0.9999999254566231 9.80833858577057e-10
1278 0.9999999264374569 9.80833858577057e-10
1279 0.9999999274182908 9.80833858577057e-10
1280 0.9999999283991247 9.80833858577057e-10
1281 0.9999999292573544 8.582297095216518e-10
1282 0.9999999301155841 8.582297095216518e-10
1283 0.9999999309738138 8.582297095216518e-10
1284 0.9999999318320435 8.582297095216518e-10
1285 0.9999999326902732 8.582297095216518e-10
1286 0.9999999335485029 8.582297095216518e-10
1287 0.9999999344067326 8.582297095216518e-10
1288 0.9999999352649623 8.582297095216518e-10
1289 0.9999999361056771 8.407147200628629e-10
1290 0.9999999369463919 8.407148310851653e-10
1291 0.9999999377871066 8.407147200628629e-10
1292 0.9999999386278214 8.407148310851653e-10
1293 0.9999999393634469 7.35625449443944e-10
1294 0.9999999400990723 7.35625449443944e-10
1295 0.9999999408346978 7.35625449443944e-10
1296 0.9999999415703232 7.35625449443944e-10
1297 0.9999999423059487 7.35625449443944e-10
1298 0.9999999430415741 7.35625449443944e-10
1299 0.9999999437771996 7.35625449443944e-10
1300 0.999999944512825 7.35625449443944e-10
1301 0.9999999452334377 7.206126806380553e-10
1302 0.9999999459540504 7.206126806380553e-10
1303 0.9999999466746631 7.206126806380553e-10
1304 0.9999999473952758 7.206126806380553e-10
1305 0.9999999480258118 6.305360678027228e-10
1306 0.9999999486563479 6.305360678027228e-10
1307 0.999999949286884 6.305360678027228e-10
1308 0.99999994991742 6.305360678027228e-10
1309 0.9999999505479561 6.305360678027228e-10
1310 0.9999999511784922 6.305360678027228e-10
1311 0.9999999518090282 6.305360678027228e-10
1312 0.9999999524395643 6.305360678027228e-10
1313 0.9999999530572323 6.176680278358049e-10
1314 0.9999999536749004 6.176680278358049e-10
1315 0.9999999542925684 6.176680278358049e-10
1316 0.9999999549102364 6.176680278358049e-10
1317 0.9999999554506959 5.404594549673902e-10
1318 0.9999999559911553 5.404594549673902e-10
1319 0.9999999565316148 5.404594549673902e-10
1320 0.9999999570720742 5.404594549673902e-10
1321 0.9999999576125337 5.404594549673902e-10
1322 0.9999999581529931 5.404594549673902e-10
1323 0.9999999586934526 5.404594549673902e-10
1324 0.999999959233912 5.404594549673902e-10
1325 0.9999999597633418 5.294297222846467e-10
1326 0.9999999602927715 5.294297222846467e-10
1327 0.9999999608222012 5.294297222846467e-10
1328 0.9999999613516309 5.294297222846467e-10
1329 0.9999999618148819 4.6325099312127804e-10
1330 0.9999999622781329 4.6325099312127804e-10
1331 0.9999999627413839 4.6325099312127804e-10
1332 0.9999999632046349 4.6325099312127804e-10
1333 0.9999999636678859 4.6325099312127804e-10
1334 0.9999999641311369 4.6325099312127804e-10
1335 0.9999999645943879 4.6325099312127804e-10
1336 0.9999999650576389 4.6325099312127804e-10
1337 0.9999999655114358 4.537968889550825e-10
1338 0.9999999659652327 4.537968889550825e-10
1339 0.9999999664190296 4.537968889550825e-10
1340 0.9999999668728264 4.537968889550825e-10
1341 0.9999999672698987 3.970722639579094e-10
1342 0.999999967666971 3.970722639579094e-10
1343 0.9999999680640432 3.970722639579094e-10
1344 0.9999999684611155 3.970722639579094e-10
1345 0.9999999688581878 3.970722639579094e-10
1346 0.99999996925526 3.970722639579094e-10
1347 0.9999999696523323 3.970722639579094e-10
1348 0.9999999700494046 3.970722639579094e-10
1349 0.9999999704383733 3.889687461011704e-10
1350 0.999999970827342 3.889687461011704e-10
1351 0.9999999712163108 3.889687461011704e-10
1352 0.9999999716052795 3.889687461011704e-10
1353 0.9999999719456272 3.403476389607363e-10
1354 0.9999999722859748 3.403476389607363e-10
1355 0.9999999726263225 3.403476389607363e-10
1356 0.9999999729666701 3.403476389607363e-10
1357 0.9999999733070177 3.403476389607363e-10
1358 0.9999999736473654 3.403476389607363e-10
1359 0.999999973987713 3.403476389607363e-10
1360 0.9999999743280606 3.403476389607363e-10
1361 0.9999999746614625 3.3340186167407637e-10
1362 0.9999999749948644 3.3340186167407637e-10
1363 0.9999999753282662 3.3340186167407637e-10
1364 0.9999999756616681 3.3340186167407637e-10
1365 0.9999999759533946 2.9172653182030217e-10
1366 0.9999999762451212 2.9172653182030217e-10
1367 0.9999999765368477 2.9172653182030217e-10
1368 0.9999999768285742 2.9172653182030217e-10
1369 0.9999999771203008 2.9172653182030217e-10
1370 0.9999999774120273 2.9172653182030217e-10
1371 0.9999999777037538 2.9172653182030217e-10
1372 0.9999999779954803 2.9172653182030217e-10
1373 0.9999999782812533 2.8577296085074977e-10
1374 0.9999999785670263 2.8577296085074977e-10
1375 0.9999999788527992 2.8577296085074977e-10
1376 0.9999999791385722 2.8577296085074977e-10
1377 0.9999999793886235 2.5005131298883043e-10
1378 0.9999999796386748 2.5005131298883043e-10
1379 0.9999999798887261 2.5005131298883043e-10
1380 0.9999999801387774 2.5005131298883043e-10
1381 0.9999999803888288 2.5005131298883043e-10
1382 0.9999999806388801 2.5005131298883043e-10
1383 0.9999999808889314 2.5005131298883043e-10
1384 0.9999999811389827 2.5005131298883043e-10
1385 0.999999981383931 2.4494828387844336e-10
1386 0.9999999816288793 2.4494828387844336e-10
1387 0.9999999818738275 2.4494828387844336e-10
1388 0.9999999821187758 2.4494828387844336e-10
1389 0.9999999823331056 2.1432977614921356e-10
1390 0.9999999825474354 2.1432977614921356e-10
1391 0.9999999827617652 2.1432977614921356e-10
1392 0.9999999829760949 2.1432977614921356e-10
1393 0.9999999831904247 2.1432977614921356e-10
1394 0.9999999834047545 2.1432977614921356e-10
1395 0.9999999836190843 2.1432977614921356e-10
1396 0.999999983833414 2.1432977614921356e-10
1397 0.9999999840433696 2.099556084544929e-10
1398 0.9999999842533253 2.099556084544929e-10
1399 0.9999999844632809 2.099556084544929e-10
1400 0.9999999846732366 2.0995571947679537e-10
1401 0.9999999848569477 1.837111573976813e-10
1402 0.9999999850406589 1.837111573976813e-10
1403 0.9999999852243701 1.837111573976813e-10
1404 0.9999999854080812 1.837111573976813e-10
1405 0.9999999855917924 1.837111573976813e-10
1406 0.9999999857755035 1.837111573976813e-10
1407 0.9999999859592147 1.837111573976813e-10
1408 0.9999999861429258 1.837111573976813e-10
1409 0.9999999863228879 1.799620452658246e-10
1410 0.9999999865028499 1.799620452658246e-10
1411 0.999999986682812 1.799620452658246e-10
1412 0.999999986862774 1.799620452658246e-10
1413 0.9999999870202407 1.5746670634086968e-10
1414 0.9999999871777074 1.5746670634086968e-10
1415 0.9999999873351741 1.5746670634086968e-10
1416 0.9999999874926409 1.5746670634086968e-10
1417 0.9999999876501076 1.5746670634086968e-10
1418 0.9999999878075743 1.5746670634086968e-10
1419 0.999999987965041 1.5746670634086968e-10
1420 0.9999999881225077 1.5746670634086968e-10
1421 0.9999999882767608 1.5425316579609216e-10
1422 0.999999988431014 1.5425316579609216e-10
1423 0.9999999885852672 1.5425316579609216e-10
1424 0.9999999887395203 1.5425316579609216e-10
1425 0.9999999888744918 1.3497147843821722e-10
1426 0.9999999890094633 1.3497147843821722e-10
1427 0.9999999891444348 1.3497147843821722e-10
1428 0.9999999892794063 1.3497147843821722e-10
1429 0.9999999894143777 1.3497147843821722e-10
1430 0.9999999895493492 1.3497147843821722e-10
1431 0.9999999896843207 1.3497147843821722e-10
1432 0.9999999898192922 1.3497147843821722e-10
1433 0.9999999899515092 1.322170151141222e-10
1434 0.9999999900837262 1.322170151141222e-10
1435 0.9999999902159432 1.322170151141222e-10
1436 0.9999999903481602 1.322170151141222e-10
1437 0.9999999904638501 1.1568990210264474e-10
1438 0.99999999057954 1.1568990210264474e-10
1439 0.9999999906952299 1.1568990210264474e-10
1440 0.9999999908109198 1.1568990210264474e-10
1441 0.9999999909266097 1.1568990210264474e-10
1442 0.9999999910422996 1.1568990210264474e-10
1443 0.9999999911579895 1.1568990210264474e-10
1444 0.9999999912736794 1.1568990210264474e-10
1445 0.9999999913870082 1.1332879079617442e-10
1446 0.999999991500337 1.1332879079617442e-10
1447 0.9999999916136658 1.1332879079617442e-10
1448 0.9999999917269946 1.1332879079617442e-10
1449 0.9999999918261574 9.916278909116727e-11
1450 0.9999999919253202 9.916278909116727e-11
1451 0.999999992024483 9.916278909116727e-11
1452 0.9999999921236458 9.916278909116727e-11
1453 0.9999999922228084 9.916267806886481e-11
1454 0.9999999923219712 9.916278909116727e-11
1455 0.9999999924211339 9.916267806886481e-11
1456 0.9999999925202967 9.916278909116727e-11
1457 0.9999999926174357 9.713896353957807e-11
1458 0.9999999927145746 9.713896353957807e-11
1459 0.9999999928117136 9.713896353957807e-11
1460 0.9999999929088526 9.713896353957807e-11
1461 0.9999999929938492 8.499667636385766e-11
1462 0.9999999930788459 8.499667636385766e-11
1463 0.9999999931638426 8.499667636385766e-11
1464 0.9999999932488393 8.499667636385766e-11
1465 0.9999999933338359 8.499667636385766e-11
1466 0.9999999934188326 8.499667636385766e-11
1467 0.9999999935038293 8.499667636385766e-11
1468 0.999999993588826 8.499667636385766e-11
1469 0.9999999936720879 8.326195288788085e-11
1470 0.9999999937553499 8.326195288788085e-11
1471 0.9999999938386118 8.326195288788085e-11
1472 0.9999999939218738 8.326195288788085e-11
1473 0.999999993994728 7.285427816583478e-11
1474 0.9999999940675823 7.285427816583478e-11
1475 0.9999999941404366 7.285427816583478e-11
1476 0.9999999942132909 7.285427816583478e-11
1477 0.9999999942861452 7.285427816583478e-11
1478 0.9999999943589994 7.285427816583478e-11
1479 0.9999999944318537 7.285427816583478e-11
1480 0.999999994504708 7.285427816583478e-11
1481 0.9999999945760755 7.136746749125678e-11
1482 0.9999999946474429 7.136746749125678e-11
1483 0.9999999947188104 7.136746749125678e-11
1484 0.9999999947901779 7.136746749125678e-11
1485 0.9999999948526244 6.244649242148625e-11
1486 0.9999999949150709 6.244649242148625e-11
1487 0.9999999949775173 6.244649242148625e-11
1488 0.9999999950399638 6.244649242148625e-11
1489 0.9999999951024103 6.244649242148625e-11
1490 0.9999999951648568 6.244649242148625e-11
1491 0.9999999952273033 6.244649242148625e-11
1492 0.9999999952897498 6.244649242148625e-11
1493 0.9999999953509219 6.117206741151904e-11
1494 0.999999995412094 6.117206741151904e-11
1495 0.999999995473266 6.117206741151904e-11
1496 0.9999999955344381 6.117206741151904e-11
1497 0.9999999955879636 5.3525517351715735e-11
1498 0.9999999956414891 5.3525517351715735e-11
1499 0.9999999956950146 5.3525517351715735e-11
1500 0.9999999957485403 5.35256283740182e-11
1501 0.9999999958020658 5.3525517351715735e-11
1502 0.9999999958555914 5.35256283740182e-11
1503 0.9999999959091169 5.3525517351715735e-11
1504 0.9999999959626426 5.35256283740182e-11
1505 0.9999999960150757 5.243316891778704e-11
1506 0.9999999960675089 5.243316891778704e-11
1507 0.9999999961199421 5.243316891778704e-11
1508 0.9999999961723752 5.243316891778704e-11
1509 0.9999999962182543 4.5879078314214894e-11
1510 0.9999999962641334 4.5879078314214894e-11
1511 0.9999999963100125 4.5879078314214894e-11
1512 0.9999999963558915 4.5879078314214894e-11
1513 0.9999999964017706 4.5879078314214894e-11
1514 0.9999999964476497 4.5879078314214894e-11
1515 0.9999999964935288 4.5879078314214894e-11
1516 0.9999999965394079 4.5879078314214894e-11
1517 0.9999999965843506 4.494271621524604e-11
1518 0.9999999966292933 4.494271621524604e-11
1519 0.999999996674236 4.494271621524604e-11
1520 0.9999999967191787 4.494271621524604e-11
1521 0.9999999967585036 3.932487668834028e-11
1522 0.9999999967978285 3.932487668834028e-11
1523 0.9999999968371533 3.932487668834028e-11
1524 0.9999999968764782 3.932487668834028e-11
1525 0.9999999969158031 3.932487668834028e-11
1526 0.999999996955128 3.932487668834028e-11
1527 0.9999999969944529 3.932487668834028e-11
1528 0.9999999970337777 3.932487668834028e-11
1529 0.9999999970723001 3.852240748614122e-11
1530 0.9999999971108225 3.852240748614122e-11
1531 0.999999997149345 3.852240748614122e-11
1532 0.9999999971878674 3.852240748614122e-11
1533 0.9999999972215744 3.370703716143453e-11
1534 0.9999999972552814 3.370703716143453e-11
1535 0.9999999972889885 3.370703716143453e-11
1536 0.9999999973226955 3.370703716143453e-11
1537 0.9999999973564025 3.370703716143453e-11
1538 0.9999999973901096 3.370703716143453e-11
1539 0.9999999974238166 3.370703716143453e-11
1540 0.9999999974575237 3.370703716143453e-11
1541 0.9999999974905428 3.301914297537678e-11
1542 0.999999997523562 3.301914297537678e-11
1543 0.9999999975565811 3.301914297537678e-11
1544 0.9999999975896002 3.301914297537678e-11
1545 0.999999997618492 2.88917778590303e-11
1546 0.9999999976473838 2.88917778590303e-11
1547 0.9999999976762756 2.88917778590303e-11
1548 0.9999999977051673 2.88917778590303e-11
1549 0.9999999977340591 2.88917778590303e-11
1550 0.9999999977629509 2.88917778590303e-11
1551 0.9999999977918427 2.88917778590303e-11
1552 0.9999999978207345 2.88917778590303e-11
1553 0.9999999978490366 2.8302138410651878e-11
1554 0.9999999978773387 2.8302138410651878e-11
1555 0.9999999979056409 2.8302138410651878e-11
1556 0.999999997933943 2.8302138410651878e-11
1557 0.9999999979587074 2.4764412742683817e-11
1558 0.9999999979834718 2.4764412742683817e-11
1559 0.9999999980082362 2.4764412742683817e-11
1560 0.9999999980330007 2.4764412742683817e-11
1561 0.9999999980577651 2.4764412742683817e-11
1562 0.9999999980825295 2.4764412742683817e-11
1563 0.9999999981072939 2.4764412742683817e-11
1564 0.9999999981320583 2.4764412742683817e-11
1565 0.9999999981563172 2.4258928199571983e-11
1566 0.9999999981805763 2.4259039221874446e-11
1567 0.9999999982048352 2.4258928199571983e-11
1568 0.9999999982290941 2.4258928199571983e-11
1569 0.9999999982503207 2.1226576052413293e-11
1570 0.9999999982715473 2.1226576052413293e-11
1571 0.9999999982927739 2.1226576052413293e-11
1572 0.9999999983140004 2.1226576052413293e-11
1573 0.999999998335227 2.1226576052413293e-11
1574 0.9999999983564536 2.1226576052413293e-11
1575 0.9999999983776802 2.1226576052413293e-11
1576 0.9999999983989067 2.1226576052413293e-11
1577 0.9999999984197001 2.0793367028204557e-11
1578 0.9999999984404935 2.0793367028204557e-11
1579 0.9999999984612868 2.0793367028204557e-11
1580 0.9999999984820802 2.0793367028204557e-11
1581 0.9999999985002744 1.8194223905254603e-11
1582 0.9999999985184687 1.8194223905254603e-11
1583 0.9999999985366629 1.8194223905254603e-11
1584 0.9999999985548571 1.8194223905254603e-11
1585 0.9999999985730513 1.8194223905254603e-11
1586 0.9999999985912456 1.8194223905254603e-11
1587 0.9999999986094398 1.8194223905254603e-11
1588 0.999999998627634 1.8194223905254603e-11
1589 0.999999998645457 1.782296532581995e-11
1590 0.9999999986632799 1.782296532581995e-11
1591 0.9999999986811029 1.782296532581995e-11
1592 0.9999999986989259 1.782296532581995e-11
1593 0.9999999987145209 1.559508078230465e-11
1594 0.999999998730116 1.559508078230465e-11
1595 0.9999999987457111 1.559508078230465e-11
1596 0.9999999987613062 1.559508078230465e-11
1597 0.9999999987769013 1.559508078230465e-11
1598 0.9999999987924963 1.559508078230465e-11
1599 0.9999999988080914 1.559508078230465e-11
1600 0.9999999988236865 1.559508078230465e-11
1601 0.9999999988389633 1.5276779841144617e-11
1602 0.9999999988542401 1.5276779841144617e-11
1603 0.9999999988695168 1.5276779841144617e-11
1604 0.9999999988847936 1.5276779841144617e-11
1605 0.9999999988981608 1.3367196238789347e-11
1606 0.999999998911528 1.3367196238789347e-11
1607 0.9999999989248952 1.3367196238789347e-11
1608 0.9999999989382624 1.3367196238789347e-11
1609 0.9999999989516296 1.3367196238789347e-11
1610 0.9999999989649968 1.3367196238789347e-11
1611 0.999999998978364 1.3367196238789347e-11
1612 0.9999999989917312 1.3367196238789347e-11
1613 0.9999999990048256 1.3094414441638946e-11
1614 0.99999999901792 1.3094414441638946e-11
1615 0.9999999990310144 1.3094414441638946e-11
1616 0.9999999990441089 1.3094414441638946e-11
1617 0.9999999990555665 1.1457612636434078e-11
1618 0.9999999990670241 1.1457612636434078e-11
1619 0.9999999990784817 1.1457612636434078e-11
1620 0.9999999990899393 1.1457612636434078e-11
1621 0.9999999991013969 1.1457612636434078e-11
1622 0.9999999991128545 1.1457612636434078e-11
1623 0.9999999991243121 1.1457612636434078e-11
1624 0.9999999991357698 1.1457612636434078e-11
1625 0.9999999991469936 1.122379966744802e-11
1626 0.9999999991582174 1.122379966744802e-11
1627 0.9999999991694412 1.122379966744802e-11
1628 0.999999999180665 1.122379966744802e-11
1629 0.9999999991904858 9.82081083122921e-12
1630 0.9999999992003066 9.82081083122921e-12
1631 0.9999999992101274 9.82081083122921e-12
1632 0.9999999992199482 9.82081083122921e-12
1633 0.999999999229769 9.82081083122921e-12
1634 0.9999999992395898 9.82081083122921e-12
1635 0.9999999992494106 9.82081083122921e-12
1636 0.9999999992592314 9.82081083122921e-12
1637 0.9999999992688519 9.620415575284369e-12
1638 0.9999999992784723 9.620415575284369e-12
1639 0.9999999992880927 9.620415575284369e-12
1640 0.9999999992977131 9.620415575284369e-12
1641 0.9999999993061309 8.4178219950104e-12
1642 0.9999999993145487 8.4178219950104e-12
1643 0.9999999993229666 8.4178219950104e-12
1644 0.9999999993313844 8.4178219950104e-12
1645 0.9999999993398022 8.4178219950104e-12
1646 0.99999999934822 8.4178219950104e-12
1647 0.9999999993566379 8.4178219950104e-12
1648 0.9999999993650557 8.4178219950104e-12
1649 0.9999999993733018 8.246070493100888e-12
1650 0.9999999993815478 8.246070493100888e-12
1651 0.9999999993897939 8.246070493100888e-12
1652 0.99999999939804 8.246070493100888e-12
1653 0.9999999994052552 7.21522841473643e-12
1654 0.9999999994124704 7.21522841473643e-12
1655 0.9999999994196856 7.21522841473643e-12
1656 0.9999999994269009 7.21522841473643e-12
1657 0.9999999994341161 7.21522841473643e-12
1658 0.9999999994413313 7.21522841473643e-12
1659 0.9999999994485466 7.21522841473643e-12
1660 0.9999999994557618 7.21522841473643e-12
1661 0.9999999994628298 7.068012841671134e-12
1662 0.9999999994698978 7.068012841671134e-12
1663 0.9999999994769658 7.068012841671134e-12
1664 0.9999999994840338 7.068012841671134e-12
1665 0.9999999994902183 6.1844973586744345e-12
1666 0.9999999994964028 6.1844973586744345e-12
1667 0.9999999995025873 6.1844973586744345e-12
1668 0.9999999995087718 6.1844973586744345e-12
1669 0.9999999995149563 6.1844973586744345e-12
1670 0.9999999995211408 6.1844973586744345e-12
1671 0.9999999995273253 6.1844973586744345e-12
1672 0.9999999995335098 6.1844973586744345e-12
1673 0.9999999995395681 6.058265000774554e-12
1674 0.9999999995456264 6.058265000774554e-12
1675 0.9999999995516846 6.058265000774554e-12
1676 0.9999999995577429 6.058265000774554e-12
1677 0.9999999995630439 5.300981875677735e-12
1678 0.9999999995683448 5.300981875677735e-12
1679 0.9999999995736458 5.300981875677735e-12
1680 0.9999999995789468 5.300981875677735e-12
1681 0.9999999995842478 5.300981875677735e-12
1682 0.9999999995895488 5.300981875677735e-12
1683 0.9999999995948498 5.300981875677735e-12
1684 0.9999999996001507 5.300981875677735e-12
1685 0.9999999996053436 5.192846153079245e-12
1686 0.9999999996105364 5.192846153079245e-12
1687 0.9999999996157293 5.192846153079245e-12
1688 0.9999999996209221 5.192846153079245e-12
1689 0.9999999996254658 4.543698750580916e-12
1690 0.9999999996300095 4.543698750580916e-12
1691 0.9999999996345532 4.543698750580916e-12
1692 0.9999999996390969 4.543698750580916e-12
1693 0.9999999996436406 4.543698750580916e-12
1694 0.9999999996481843 4.543698750580916e-12
1695 0.999999999652728 4.543698750580916e-12
1696 0.9999999996572717 4.543698750580916e-12
1697 0.9999999996617227 4.450995128024715e-12
1698 0.9999999996661737 4.450995128024715e-12
1699 0.9999999996706247 4.450995128024715e-12
1700 0.9999999996750757 4.450995128024715e-12
1701 0.9999999996789704 3.894662370385049e-12
1702 0.999999999682865 3.894662370385049e-12
1703 0.9999999996867597 3.894662370385049e-12
1704 0.9999999996906543 3.894662370385049e-12
1705 0.999999999694549 3.894662370385049e-12
1706 0.9999999996984437 3.894662370385049e-12
1707 0.9999999997023383 3.894662370385049e-12
1708 0.999999999706233 3.894662370385049e-12
1709 0.9999999997100482 3.815170401821888e-12
1710 0.9999999997138633 3.815170401821888e-12
1711 0.9999999997176785 3.815170401821888e-12
1712 0.9999999997214937 3.815170401821888e-12
1713 0.9999999997248319 3.3382185904429207e-12
1714 0.9999999997281701 3.3382185904429207e-12
1715 0.9999999997315083 3.3382185904429207e-12
1716 0.9999999997348465 3.3382185904429207e-12
1717 0.9999999997381848 3.3382185904429207e-12
1718 0.999999999741523 3.3382185904429207e-12
1719 0.9999999997448612 3.3382185904429207e-12
1720 0.9999999997481994 3.3382185904429207e-12
1721 0.9999999997514696 3.2701619190333986e-12
1722 0.9999999997547397 3.2701619190333986e-12
1723 0.9999999997580099 3.2701619190333986e-12
1724 0.9999999997612801 3.2701619190333986e-12
1725 0.9999999997641414 2.861377801366416e-12
1726 0.9999999997670028 2.861377801366416e-12
1727 0.9999999997698642 2.861377801366416e-12
1728 0.9999999997727256 2.861377801366416e-12
1729 0.999999999775587 2.861377801366416e-12
1730 0.9999999997784483 2.861377801366416e-12
1731 0.9999999997813097 2.861377801366416e-12
1732 0.9999999997841711 2.861377801366416e-12
1733 0.9999999997869741 2.8029800702711327e-12
1734 0.999999999789777 2.8029800702711327e-12
1735 0.99999999979258 2.8029800702711327e-12
1736 0.999999999795383 2.8029800702711327e-12
1737 0.9999999997978356 2.4525936836994333e-12
1738 0.9999999998002882 2.4525936836994333e-12
1739 0.9999999998027408 2.4525936836994333e-12
1740 0.9999999998051934 2.4525936836994333e-12
1741 0.999999999807646 2.4525936836994333e-12
1742 0.9999999998100986 2.4525936836994333e-12
1743 0.9999999998125512 2.4525936836994333e-12
1744 0.9999999998150038 2.4525936836994333e-12
1745 0.9999999998174063 2.4025226252888388e-12
1746 0.9999999998198088 2.4025226252888388e-12
1747 0.9999999998222113 2.4025226252888388e-12
1748 0.9999999998246138 2.4025226252888388e-12
1749 0.9999999998267161 2.102207297127734e-12
1750 0.9999999998288183 2.102207297127734e-12
1751 0.9999999998309205 2.102207297127734e-12
1752 0.9999999998330227 2.102207297127734e-12
1753 0.9999999998351249 2.102207297127734e-12
1754 0.9999999998372271 2.102207297127734e-12
1755 0.9999999998393293 2.102207297127734e-12
1756 0.9999999998414315 2.102207297127734e-12
1757 0.9999999998434909 2.059352688377203e-12
1758 0.9999999998455502 2.059352688377203e-12
1759 0.9999999998476096 2.059352688377203e-12
1760 0.9999999998496689 2.059352688377203e-12
1761 0.9999999998514708 1.801891968966629e-12
1762 0.9999999998532727 1.801891968966629e-12
1763 0.9999999998550746 1.801891968966629e-12
1764 0.9999999998568765 1.801891968966629e-12
1765 0.9999999998586784 1.801891968966629e-12
1766 0.9999999998604803 1.801891968966629e-12
1767 0.9999999998622822 1.801891968966629e-12
1768 0.999999999864084 1.801891968966629e-12
1769 0.9999999998658492 1.7651435868515364e-12
1770 0.9999999998676143 1.7651435868515364e-12
1771 0.9999999998693795 1.7651435868515364e-12
1772 0.9999999998711446 1.7651435868515364e-12
1773 0.9999999998726892 1.5445422718585178e-12
1774 0.9999999998742337 1.5445422718585178e-12
1775 0.9999999998757783 1.5445422718585178e-12
1776 0.9999999998773228 1.5445422718585178e-12
1777 0.9999999998788673 1.5445422718585178e-12
1778 0.9999999998804119 1.5445422718585178e-12
1779 0.9999999998819564 1.5445422718585178e-12
1780 0.999999999883501 1.5445422718585178e-12
1781 0.999999999885014 1.5130119379591633e-12
1782 0.999999999886527 1.5130119379591633e-12
1783 0.99999999988804 1.5130119379591633e-12
1784 0.999999999889553 1.5130119379591633e-12
1785 0.9999999998908768 1.3238299345630367e-12
1786 0.9999999998922007 1.3238299345630367e-12
1787 0.9999999998935245 1.3238299345630367e-12
1788 0.9999999998948483 1.3238299345630367e-12
1789 0.9999999998961722 1.3238299345630367e-12
1790 0.999999999897496 1.3238299345630367e-12
1791 0.9999999998988198 1.3238299345630367e-12
1792 0.9999999999001437 1.3238299345630367e-12
# average : 77.7571426781448
